# Neutron capture gammas for Cr-50 generated by CaptureEnergy.py from data
# obtained from http://www.nndc.bnl.gov/chart/getdataset.jsp?nucleus=51CR&unc=nds
#
# Decay schemes are calculated starting from the 9261.63 keV energy level.
#
# First column lists probability for decay scheme; second column lists number of gammas
# in decay scheme; gamma energies (in keV) are then listed separated by a space.
#
0.00064095131091 5 2013.3 3276.8 845.2 1123.0 2001.35
0.000860706046079 6 2013.3 3276.8 845.2 2348.9 27.85 749.07
0.00183128945974 5 2013.3 3276.8 845.2 2376.7 749.07
0.00546384724054 4 2013.3 3898.9 2598.9 749.07
0.00097742156192 3 2052.9 5206.1 2001.35
0.00432487416779 3 3593.4 834.1 4833.2
0.000175431515538 6 3593.4 1106.5 3207.5 575.6 27.85 749.07
0.00109644697211 5 3593.4 1106.5 3207.5 603.5 749.07
0.000674314887851 4 3593.4 1106.5 3207.5 1353.7
0.00350314807591 4 3593.4 4891.4 27.85 749.07
0.000713076365281 5 4491.5 1002.1 2990.0 27.85 749.07
0.000783600401408 4 4491.5 1002.1 3017.3 749.07
0.00534527416675 3 4491.5 4020.5 749.07
0.000736991423731 4 4625.0 1808.8 826.9 2001.35
2.04372027832e-05 6 4625.0 1808.8 928.2 1124.0 27.85 749.07
4.69864662119e-05 5 4625.0 1808.8 928.2 1149.4 749.07
0.00019100189517 4 4625.0 1808.8 928.2 1899.41
0.000957131719131 4 4625.0 1808.8 2079.62 749.07
0.000145394931276 5 4625.0 3284.2 575.6 27.85 749.07
0.000908718320478 4 4625.0 3284.2 603.5 749.07
0.000558861767094 3 4625.0 3284.2 1353.7
0.00848934220447 4 4625.0 3859.8 27.85 749.07
0.00456130062229 4 4971.6 3512.2 27.85 749.07
0.000315886776155 4 5222.0 913.2 1123.0 2001.35
0.000424190813693 5 5222.0 913.2 2348.9 27.85 749.07
0.000902533646156 4 5222.0 913.2 2376.7 749.07
0.000259806950854 5 5222.0 2141.3 1124.0 27.85 749.07
0.000597313176729 4 5222.0 2141.3 1149.4 749.07
0.00242810234443 3 5222.0 2141.3 1899.41
0.0149328294182 4 5222.0 3262.8 27.85 749.07
0.00522649029638 3 5222.0 3290.8 749.07
0.000640754135036 4 5490.3 862.3 2159.0 749.07
0.00576678721533 4 5490.3 2995.0 27.85 749.07
0.0128150827007 3 5490.3 3021.3 749.07
0.0104002430419 4 5494.5 2990.0 27.85 749.07
0.0114288385076 3 5494.5 3017.3 749.07
0.0187965684985 3 6135.9 1123.0 2001.35
0.0252411062694 4 6135.9 2348.9 27.85 749.07
0.0537044814242 3 6135.9 2376.7 749.07
3.99720857154e-05 5 6206.3 1157.0 1124.0 27.85 749.07
9.1898440056e-05 4 6206.3 1157.0 1149.4 749.07
0.000373570894537 3 6206.3 1157.0 1899.41
0.00123278395197 4 6206.3 2279.2 27.85 749.07
0.000542424938867 3 6206.3 2306.0 749.07
4.3723071576e-06 7 6371.6 510.8 822.3 204.0 575.6 27.85 749.07
2.7326919735e-05 6 6371.6 510.8 822.3 204.0 603.5 749.07
1.6806055637e-05 5 6371.6 510.8 822.3 204.0 1353.7
0.000755533995788 5 6371.6 510.8 822.3 808.19 749.07
0.000147329129179 4 6371.6 510.8 822.3 1557.5
0.000636749902754 5 6371.6 510.8 899.9 315.6 1164.5
0.00068689309898 4 6371.6 510.8 899.9 1480.3
0.000173378590368 6 6371.6 510.8 1026.7 575.6 27.85 749.07
0.0010836161898 5 6371.6 510.8 1026.7 603.5 749.07
0.000666423956727 4 6371.6 510.8 1026.7 1353.7
0.00111682378271 4 6371.6 510.8 1215.5 1164.5
0.00206819219021 3 6371.6 510.8 2379.3
0.0121040100312 3 6371.6 888.2 2001.35
0.000344601970734 5 6371.6 990.4 1124.0 27.85 749.07
0.000792262474771 4 6371.6 990.4 1149.4 749.07
0.00322057916574 3 6371.6 990.4 1899.41
0.000960137809801 5 6371.6 1537.2 575.6 27.85 749.07
0.00600086131125 4 6371.6 1537.2 603.5 749.07
0.00369052970642 3 6371.6 1537.2 1353.7
0.00617304511592 4 6371.6 2113.4 27.85 749.07
0.00266288220687 3 6371.6 2141.3 749.07
0.000405821599483 3 6433.7 826.9 2001.35
1.12536700637e-05 5 6433.7 928.2 1124.0 27.85 749.07
2.58729236979e-05 4 6433.7 928.2 1149.4 749.07
0.000105174486577 3 6433.7 928.2 1899.41
0.00052704103829 3 6433.7 2079.62 749.07
0.0106671151392 4 7362.6 1124.0 27.85 749.07
0.0245243955536 3 7362.6 1149.4 749.07
0.0996926648521 2 7362.6 1899.41
0.283452252957 3 8484.2 27.85 749.07
0.325807187307 2 8512.2 749.07
