# Neutron capture gammas for Cr-53 generated by sums.py from data obtained from
# NNDC capture gamma tables at http://www.nndc.bnl.gov/capgam/indexbyn.html
#
# Number of gammas in a decay chain limited to 5
# Hand tuned.
#
# First column lists probability for decay scheme; second column lists number of gammas
# in decay scheme; gamma energies (in keV) are then listed separated by a space.
#
0.0132332065775 5 205.62 745.37 817.2 847.9 7100.11
0.000290819088391 5 205.62 745.37 817.2 2239.07 5707.09
0.000426300013551 5 205.62 745.37 834.87 3090.63 4847.54
0.000335439596804 5 205.62 745.37 834.87 3177.93 4751.83
0.000243539012851 5 205.62 745.37 834.87 3403.55 4530.38
0.0002477092505 5 205.62 745.37 834.87 3509.86 4425.63
0.000956701679706 5 205.62 745.37 890.41 989.08 6890.16
0.000101418095376 5 205.62 745.37 1100.38 1340.81 6326.41
0.00010708018922 5 205.62 745.37 1994.56 2239.07 4530.38
2.99232115463e-05 5 205.62 745.37 2101.43 2239.07 4425.63
5.02219664257e-05 5 205.62 745.37 2239.07 2393.7 4133.15
0.000120463357081 5 205.62 745.37 2239.07 2601.91 3927.57
0.000227869204526 4 205.62 745.37 3898.51 4872.27
0.00053803832969 5 205.62 789.22 817.2 1619.17 6283.02
0.00707669661467 5 205.62 789.22 834.87 1241.36 6645.64
0.000211403977621 5 205.62 789.22 834.87 2101.43 5792.2
0.000220194359701 5 205.62 789.22 834.87 3393.35 4494.0
0.000513372937422 5 205.62 789.22 834.87 3719.84 4168.1
0.000863154343419 5 205.62 789.22 845.57 989.08 6890.16
0.000877087169434 5 205.62 789.22 847.9 989.08 6890.16
0.000926596612572 5 205.62 789.22 890.41 944.57 6890.16
0.000931827870989 5 205.62 789.22 890.41 946.8 6890.16
0.0014670428397 5 205.62 789.22 944.57 1784.69 5999.95
0.000618671916961 5 205.62 789.22 1100.38 1340.81 6283.02
0.00135386162559 5 205.62 789.22 1100.38 1619.17 5999.95
4.65703553951e-05 5 205.62 789.22 1994.56 2239.07 4494.0
1.29752620877e-05 5 205.62 789.22 2239.07 2259.22 4229.9
2.14213144436e-05 5 205.62 789.22 2239.07 2558.45 3927.57
0.000435518869557 4 205.62 789.22 2393.7 6326.41
9.5001319862e-06 4 205.62 789.22 3382.81 5339.27
4.32349637514e-05 4 205.62 789.22 4229.9 4494.0
0.00028273657784 5 205.62 817.2 834.87 3403.55 4459.28
0.00124169608408 5 205.62 817.2 890.41 1804.0 5999.95
0.00654707820416 5 205.62 817.2 946.8 1100.38 6645.64
0.00136170076958 4 205.62 817.2 1804.0 6890.16
0.000146277754209 5 205.62 817.2 1994.56 2239.07 4459.28
6.06422054868e-05 4 205.62 817.2 4168.1 4530.38
0.00156470549385 5 205.62 834.87 845.57 944.57 6890.16
0.00156993675227 5 205.62 834.87 845.57 946.8 6890.16
0.000240738160565 5 205.62 834.87 845.57 3382.81 4451.47
0.000254148286814 5 205.62 834.87 845.57 3403.55 4425.63
0.000240131816026 5 205.62 834.87 845.57 3403.55 4433.43
0.00157863831986 5 205.62 834.87 847.9 944.57 6890.16
0.000242626256779 5 205.62 834.87 847.9 3073.95 4751.83
0.000254670986579 5 205.62 834.87 847.9 3382.81 4451.47
0.000291229822716 5 205.62 834.87 847.9 3393.35 4433.43
0.000268081112829 5 205.62 834.87 847.9 3403.55 4425.63
0.000246010844065 5 205.62 834.87 847.9 3898.51 3927.57
0.00214841104271 5 205.62 834.87 890.41 1784.69 5999.95
0.000392717565544 5 205.62 834.87 890.41 1994.56 5792.2
0.000368235251455 5 205.62 834.87 890.41 1994.56 5794.3
0.00029081135607 5 205.62 834.87 890.41 3292.11 4494.0
0.000258418081565 5 205.62 834.87 890.41 3863.64 3927.57
0.000202703745981 5 205.62 834.87 944.57 2101.43 5636.9
0.000250402767141 5 205.62 834.87 944.57 2393.7 5339.27
0.000255634025559 5 205.62 834.87 946.8 2393.7 5339.27
0.000285823534326 5 205.62 834.87 989.08 2601.91 5086.36
0.000571923654115 5 205.62 834.87 1100.38 1784.69 5792.2
0.000547441340025 5 205.62 834.87 1100.38 1784.69 5794.3
0.000670958735272 5 205.62 834.87 1100.38 2239.07 5339.27
0.000411243639645 5 205.62 834.87 1100.38 2558.45 5021.29
0.00191492107268 5 205.62 834.87 1241.36 1435.49 5999.95
0.000220099854258 5 205.62 834.87 1241.36 1798.22 5636.9
0.00019135813278 5 205.62 834.87 1241.36 1804.0 5636.9
0.000255197257804 5 205.62 834.87 1241.36 2101.43 5339.27
0.00029482415429 5 205.62 834.87 1241.36 2946.36 4494.0
0.000263149218721 5 205.62 834.87 1241.36 3509.86 3927.57
0.000233953554636 5 205.62 834.87 1241.36 3576.08 3863.64
0.000347258802462 5 205.62 834.87 1340.81 1994.56 5339.27
0.000441011355921 5 205.62 834.87 1340.81 2464.23 4872.27
0.000461214574587 5 205.62 834.87 1435.49 2393.7 4847.54
0.000286724637191 5 205.62 834.87 1435.49 3073.95 4168.1
0.000230048996958 5 205.62 834.87 1435.49 3382.81 3863.64
0.000486814893652 5 205.62 834.87 1619.17 2601.91 4459.28
0.000298933945593 5 205.62 834.87 1619.17 3509.86 3545.92
0.000442339937995 5 205.62 834.87 1784.69 1804.0 5086.36
0.000541374275841 5 205.62 834.87 1784.69 2464.23 4425.63
0.000527357805052 5 205.62 834.87 1784.69 2464.23 4433.43
0.000568622932616 5 205.62 834.87 1784.69 2967.05 3927.57
0.000498189819603 5 205.62 834.87 1784.69 3026.05 3863.64
0.000860312116732 5 205.62 834.87 1784.69 3177.93 3719.84
0.000468270104141 5 205.62 834.87 1784.69 3382.81 3509.86
0.00226841572821 4 205.62 834.87 1784.69 6890.16
0.000315604265378 5 205.62 834.87 1804.0 2946.36 3927.57
0.000431545543571 5 205.62 834.87 1994.56 2259.22 4425.63
0.000722021544335 5 205.62 834.87 1994.56 2967.05 3719.84
0.000436588329989 5 205.62 834.87 1994.56 3177.93 3509.86
0.000456507986263 5 205.62 834.87 1994.56 3292.11 3393.35
0.000331133532155 5 205.62 834.87 2101.43 2674.49 3898.51
0.000355261114666 5 205.62 834.87 2101.43 3177.93 3403.55
0.000329241786367 5 205.62 834.87 2259.22 2558.45 3863.64
0.000381191416548 5 205.62 834.87 2259.22 3026.05 3393.35
0.00168442890871 4 205.62 834.87 2393.7 6283.02
0.000443114224606 5 205.62 834.87 2558.45 2946.36 3177.93
0.000340009047909 5 205.62 834.87 2558.45 3026.05 3090.63
0.000443743946453 5 205.62 834.87 2601.91 2674.49 3403.55
0.000277847489013 5 205.62 834.87 2619.57 2674.49 3382.81
0.000246949289787 5 205.62 834.87 2619.57 2967.05 3090.63
0.00243475742685 4 205.62 834.87 2674.49 5999.95
0.00111434208384 4 205.62 834.87 2967.05 5707.09
0.000731690997681 4 205.62 834.87 3177.93 5501.78
0.000729653601208 4 205.62 834.87 3927.57 4751.83
0.000741997314987 4 205.62 834.87 4229.9 4451.47
0.000597581505261 5 205.62 845.57 944.57 1435.49 6283.02
0.000602812763678 5 205.62 845.57 946.8 1435.49 6283.02
9.71228023547e-05 5 205.62 845.57 1100.38 1241.36 6326.41
2.03386203279e-05 5 205.62 845.57 1340.81 1619.17 5707.09
0.000103672992395 5 205.62 845.57 1994.56 2239.07 4433.43
6.33163098771e-05 5 205.62 845.57 2239.07 2259.22 4168.1
3.01701554843e-05 5 205.62 845.57 2239.07 3026.05 3403.55
4.50467009391e-05 4 205.62 845.57 3026.05 5636.9
9.75048293272e-05 4 205.62 845.57 4133.15 4530.38
0.000100337600751 4 205.62 845.57 4229.9 4433.43
0.000611514331275 5 205.62 847.9 944.57 1435.49 6283.02
0.000616745589693 5 205.62 847.9 946.8 1435.49 6283.02
0.000111055628369 5 205.62 847.9 1100.38 1241.36 6326.41
3.42714463427e-05 5 205.62 847.9 1340.81 1619.17 5707.09
0.00011760581841 5 205.62 847.9 1994.56 2239.07 4433.43
9.01257117857e-05 5 205.62 847.9 1994.56 2946.36 3719.84
7.72491358918e-05 5 205.62 847.9 2239.07 2259.22 4168.1
2.93185319932e-05 5 205.62 847.9 2239.07 2558.45 3863.64
4.4102981499e-05 5 205.62 847.9 2239.07 3026.05 3403.55
5.89795269538e-05 4 205.62 847.9 3026.05 5636.9
4.57250672018e-05 4 205.62 847.9 3576.08 5086.36
0.000111437655342 4 205.62 847.9 4133.15 4530.38
0.000107508837556 4 205.62 847.9 4168.1 4494.0
0.000114270426766 4 205.62 847.9 4229.9 4433.43
0.000707923960227 5 205.62 890.41 1100.38 1241.36 6283.02
4.54598027868e-06 5 205.62 890.41 1100.38 2674.49 4847.54
0.000199444420192 5 205.62 890.41 1784.69 1994.56 4847.54
1.23644528812e-05 5 205.62 890.41 1784.69 2674.49 4168.1
4.78536007967e-05 5 205.62 890.41 2239.07 3090.63 3292.11
0.00169940642492 4 205.62 890.41 2619.57 5999.95
0.000130542331789 4 205.62 890.41 4133.15 4494.0
0.000154229481499 4 205.62 890.41 4168.1 4451.47
0.000226720504179 4 205.62 890.41 4168.1 4459.28
0.000617818779966 5 205.62 944.57 946.8 1340.81 6283.02
0.0013530084886 5 205.62 944.57 946.8 1619.17 5999.95
5.62014354355e-05 5 205.62 944.57 1241.36 1619.17 5707.09
2.34866057745e-05 5 205.62 944.57 1798.22 2239.07 4530.38
4.80329852515e-05 5 205.62 944.57 2101.43 2239.07 4229.9
1.81995698496e-05 5 205.62 944.57 2239.07 2464.23 3863.64
5.39250499725e-05 5 205.62 944.57 2239.07 2946.36 3382.81
0.000849990442275 4 205.62 944.57 2239.07 6326.41
0.000133333434708 4 205.62 944.57 3545.92 5021.29
0.000575201328915 4 205.62 944.57 3719.84 4847.54
0.000134255740631 4 205.62 944.57 4133.15 4433.43
6.14326938532e-05 5 205.62 946.8 1241.36 1619.17 5707.09
2.87178641923e-05 5 205.62 946.8 1798.22 2239.07 4530.38
5.32642436692e-05 5 205.62 946.8 2101.43 2239.07 4229.9
2.34308282673e-05 5 205.62 946.8 2239.07 2464.23 3863.64
5.91563083902e-05 5 205.62 946.8 2239.07 2946.36 3382.81
0.000855221700693 4 205.62 946.8 2239.07 6326.41
0.000138564693126 4 205.62 946.8 3545.92 5021.29
0.000580432587333 4 205.62 946.8 3719.84 4847.54
0.000139486999049 4 205.62 946.8 4133.15 4433.43
0.000174134996875 5 205.62 989.08 1435.49 2239.07 4847.54
0.00139734933099 4 205.62 989.08 2239.07 6283.02
5.39626916212e-05 4 205.62 989.08 3026.05 5501.78
5.25638698656e-05 5 205.62 1100.38 1619.17 3073.95 3719.84
2.80886260269e-05 5 205.62 1100.38 1784.69 2464.23 4168.1
0.000182407121767 5 205.62 1100.38 2239.07 2601.91 3576.08
0.000509725591404 4 205.62 1100.38 2558.45 5858.98
0.000122919036331 4 205.62 1100.38 2619.57 5792.2
9.8436722241e-05 4 205.62 1100.38 2619.57 5794.3
0.000143825616651 4 205.62 1100.38 3073.95 5339.27
0.000239727954673 4 205.62 1100.38 3393.35 5021.29
9.40943374126e-05 5 205.62 1241.36 1619.17 1784.69 4872.27
6.5429093529e-05 5 205.62 1241.36 1798.22 2239.07 4229.9
3.66873720509e-05 5 205.62 1241.36 1804.0 2239.07 4229.9
0.000119578125188 5 205.62 1241.36 1994.56 2558.45 3719.84
4.53631797677e-05 5 205.62 1241.36 2101.43 2239.07 3927.57
5.18663990166e-05 5 205.62 1241.36 2239.07 2946.36 3090.63
0.000265379441511 4 205.62 1241.36 3403.55 4872.27
6.3484418301e-05 5 205.62 1340.81 1798.22 2239.07 4133.15
3.47426968229e-05 5 205.62 1340.81 1804.0 2239.07 4133.15
0.000478849713453 4 205.62 1340.81 2464.23 5707.09
0.000121389970326 4 205.62 1340.81 2674.49 5501.78
4.08350488401e-05 4 205.62 1340.81 3090.63 5086.36
0.000391876117994 4 205.62 1340.81 3719.84 4451.47
2.52738184764e-05 5 205.62 1435.49 1798.22 2558.45 3719.84
0.00109486447757 4 205.62 1435.49 1798.22 6283.02
5.54541026098e-05 5 205.62 1435.49 2239.07 2259.22 3576.08
0.000102959254656 4 205.62 1435.49 3545.92 4530.38
0.000234872279865 5 205.62 1619.17 1784.69 2393.7 3719.84
1.38768396992e-05 5 205.62 1619.17 1784.69 2601.91 3509.86
0.000167869627612 4 205.62 1619.17 2101.43 5792.2
0.000143387313522 4 205.62 1619.17 2101.43 5794.3
0.000146400308028 5 205.62 1619.17 2239.07 2259.22 3393.35
0.000124111672808 4 205.62 1619.17 2259.22 5636.9
0.000106251160814 4 205.62 1619.17 2393.7 5501.78
0.000187721042471 4 205.62 1619.17 2558.45 5339.27
0.000340592896897 4 205.62 1619.17 3026.05 4872.27
0.000139494829017 4 205.62 1619.17 3403.55 4494.0
1.21086655083e-05 5 205.62 1784.69 1804.0 1994.56 3927.57
0.000139618624737 5 205.62 1784.69 1994.56 2558.45 3177.93
3.08819092651e-05 5 205.62 1784.69 2101.43 2601.91 3026.05
0.000317396144511 5 205.62 1784.69 2239.07 2464.23 3026.05
0.00032613402665 4 205.62 1784.69 2393.7 5339.27
0.000370256024421 4 205.62 1784.69 3292.11 4433.43
0.00018928670047 4 205.62 1798.22 2967.05 4751.83
0.000177845233163 4 205.62 1798.22 3292.11 4425.63
0.000168916270023 4 205.62 1798.22 3545.92 4168.1
8.14976949533e-06 5 205.62 1804.0 2239.07 2393.7 3073.95
0.000162178798437 4 205.62 1804.0 3177.93 4530.38
0.000140174548545 4 205.62 1804.0 3545.92 4168.1
0.000126857915948 4 205.62 1804.0 3576.08 4133.15
0.000218802291035 5 205.62 1994.56 2101.43 2239.07 3177.93
0.000307285122823 5 205.62 1994.56 2239.07 2601.91 2674.49
0.000485790804337 4 205.62 1994.56 2674.49 4847.54
0.000237827113905 4 205.62 1994.56 3026.05 4494.0
0.000218847489962 4 205.62 1994.56 3090.63 4425.63
0.000279548590313 4 205.62 1994.56 3292.11 4229.9
0.00024599938646 4 205.62 1994.56 3382.81 4133.15
0.000145602597321 4 205.62 2101.43 2393.7 5021.29
0.000215466899392 4 205.62 2101.43 3177.93 4229.9
7.25515294997e-05 4 205.62 2101.43 3509.86 3898.51
9.24737000069e-05 4 205.62 2101.43 3545.92 3863.64
7.32435939529e-06 5 205.62 2239.07 2259.22 2393.7 2619.57
0.000204232020598 4 205.62 2259.22 3026.05 4229.9
0.000164474336656 4 205.62 2259.22 3090.63 4168.1
0.000157726101395 4 205.62 2259.22 3393.35 3863.64
0.000406157383964 4 205.62 2393.7 3403.55 3719.84
0.000122639519039 4 205.62 2393.7 3545.92 3576.08
0.000178707812939 4 205.62 2464.23 2558.45 4494.0
0.000244855989248 4 205.62 2464.23 2601.91 4451.47
9.23696580568e-05 4 205.62 2464.23 2619.57 4425.63
7.83531872687e-05 4 205.62 2464.23 2619.57 4433.43
0.000212678072954 4 205.62 2558.45 3026.05 3927.57
0.000116543732757 4 205.62 2558.45 3090.63 3863.64
0.000153562693408 4 205.62 2558.45 3382.81 3576.08
0.000185161943798 4 205.62 2601.91 3403.55 3509.86
0.000119618314832 4 205.62 2619.57 2967.05 3927.57
4.91852018191e-05 4 205.62 2619.57 3026.05 3863.64
0.000411307498948 4 205.62 2619.57 3177.93 3719.84
1.92654863577e-05 4 205.62 2619.57 3382.81 3509.86
0.00181941111042 3 205.62 2619.57 6890.16
0.000230946285892 4 205.62 2674.49 3292.11 3545.92
0.000195111259453 4 205.62 2946.36 3026.05 3545.92
0.000271598539635 4 205.62 2946.36 3177.93 3393.35
0.000168493362938 4 205.62 3026.05 3090.63 3393.35
0.0021761754242 3 205.62 3509.86 5999.95
0.000844205733776 3 205.62 3719.84 5792.2
0.000819723419686 3 205.62 3719.84 5794.3
0.000521747787492 3 205.62 4425.63 5086.36
0.000555276148539 3 205.62 4494.0 5021.29
0.000243227936407 5 745.37 789.22 834.87 2259.22 5086.36
0.000348515680571 5 745.37 789.22 834.87 2601.91 4751.83
0.000358013545347 5 745.37 789.22 834.87 3177.93 4168.1
0.00125578013297 5 745.37 789.22 845.57 1340.81 5999.95
0.00126971295898 5 745.37 789.22 847.9 1340.81 5999.95
0.00129164294807 5 745.37 789.22 944.57 1241.36 5999.95
0.00129687420649 5 745.37 789.22 946.8 1241.36 5999.95
0.000258492418113 5 745.37 789.22 1100.38 2239.07 4847.54
5.11423082398e-05 5 745.37 789.22 2239.07 2558.45 3382.81
0.000106940854843 4 745.37 789.22 2393.7 5792.2
8.24585407531e-05 4 745.37 789.22 2393.7 5794.3
0.000648246031971 5 745.37 817.2 834.87 1619.17 5707.09
0.000567584433704 5 745.37 817.2 834.87 2239.07 5086.36
0.00026134874453 5 745.37 817.2 834.87 3090.63 4229.9
0.000310977165524 5 745.37 817.2 834.87 3393.35 3927.57
4.4974122199e-05 5 745.37 817.2 890.41 944.57 6326.41
0.00026984011714 5 745.37 817.2 1784.69 2239.07 4133.15
0.000137353161218 5 745.37 817.2 1994.56 2239.07 3927.57
0.000106909122396 5 745.37 817.2 2239.07 2946.36 2967.05
4.04513150831e-05 4 745.37 817.2 3073.95 5086.36
0.00010090301475 4 745.37 817.2 3403.55 4751.83
0.000378123815401 4 745.37 817.2 3719.84 4433.43
0.000134017769574 4 745.37 817.2 3927.57 4229.9
0.000568919828085 5 745.37 834.87 845.57 1435.49 5858.98
0.000312038587369 5 745.37 834.87 845.57 3393.35 3898.51
0.000573730714985 5 745.37 834.87 845.57 3576.08 3719.84
0.0005828526541 5 745.37 834.87 847.9 1435.49 5858.98
0.000476780127431 5 745.37 834.87 847.9 1784.69 5501.78
0.000325971413383 5 745.37 834.87 847.9 3393.35 3898.51
0.000587663541 5 745.37 834.87 847.9 3576.08 3719.84
0.000288139075361 5 745.37 834.87 890.41 3382.81 3863.64
0.000395892846475 5 745.37 834.87 944.57 2967.05 4229.9
0.000381836389717 5 745.37 834.87 944.57 3026.05 4168.1
0.00032926635558 5 745.37 834.87 944.57 3292.11 3898.51
0.000283516917989 5 745.37 834.87 946.8 2101.43 5086.36
0.000401124104893 5 745.37 834.87 946.8 2967.05 4229.9
0.000387067648135 5 745.37 834.87 946.8 3026.05 4168.1
0.000334497613997 5 745.37 834.87 946.8 3292.11 3898.51
0.000298726079729 5 745.37 834.87 989.08 2393.7 4751.83
0.000211975610761 5 745.37 834.87 989.08 2619.57 4530.38
0.00039652376249 5 745.37 834.87 1100.38 1241.36 5792.2
0.000372041448401 5 745.37 834.87 1100.38 1241.36 5794.3
0.000481205155651 5 745.37 834.87 1100.38 2601.91 4433.43
0.000435663389778 5 745.37 834.87 1100.38 3177.93 3863.64
0.000351957913428 5 745.37 834.87 1241.36 2464.23 4433.43
0.000393223040991 5 745.37 834.87 1241.36 2967.05 3927.57
0.000684912225108 5 745.37 834.87 1241.36 3177.93 3719.84
0.000292870212517 5 745.37 834.87 1241.36 3382.81 3509.86
0.000582461352089 5 745.37 834.87 1340.81 3073.95 3719.84
0.000324474741143 5 745.37 834.87 1340.81 3292.11 3509.86
0.000353844117375 5 745.37 834.87 1340.81 3393.35 3403.55
0.000322256057483 5 745.37 834.87 1435.49 1619.17 5086.36
0.000282562659661 5 745.37 834.87 1619.17 2619.57 3898.51
0.000404545827965 5 745.37 834.87 1619.17 2946.36 3576.08
0.000593568637545 5 745.37 834.87 1784.69 2946.36 3403.55
0.000598343926412 5 745.37 834.87 1784.69 2967.05 3382.81
0.000564015515487 5 745.37 834.87 1798.22 2619.57 3719.84
0.000424306556174 5 745.37 834.87 1798.22 2946.36 3393.35
0.000339433194453 5 745.37 834.87 1804.0 2101.43 4229.9
0.000535273794009 5 745.37 834.87 1804.0 2619.57 3719.84
0.000395564834696 5 745.37 834.87 1804.0 2946.36 3393.35
0.000536793857036 5 745.37 834.87 1994.56 2601.91 3545.92
0.000566662152259 5 745.37 834.87 1994.56 2967.05 3177.93
0.000355905701946 5 745.37 834.87 2101.43 2464.23 3576.08
0.000354612221419 5 745.37 834.87 2101.43 2946.36 3090.63
0.000372149734582 5 745.37 834.87 2101.43 2967.05 3073.95
0.000664745908156 5 745.37 834.87 2239.07 2393.7 3509.86
0.00039619479219 5 745.37 834.87 2393.7 2674.49 3073.95
0.000435441223342 5 745.37 834.87 2464.23 2601.91 3073.95
0.000983978242846 4 745.37 834.87 3292.11 4847.54
0.000759374595004 4 745.37 834.87 3382.81 4751.83
0.00134503217623 5 745.37 845.57 890.41 1241.36 5999.95
6.23805711097e-06 5 745.37 845.57 989.08 1435.49 5707.09
0.00146503686173 4 745.37 845.57 1241.36 6890.16
5.40767954912e-05 5 745.37 845.57 1435.49 2239.07 4451.47
0.000142463802683 5 745.37 845.57 1784.69 2619.57 3719.84
2.75484337021e-06 5 745.37 845.57 1784.69 2946.36 3393.35
0.000542153398104 4 745.37 845.57 1798.22 6326.41
6.01168817521e-05 5 745.37 845.57 1804.0 2601.91 3719.84
0.000513411676626 4 745.37 845.57 1804.0 6326.41
0.000138414583063 5 745.37 845.57 1994.56 2239.07 3898.51
0.000177493586482 5 745.37 845.57 2239.07 2601.91 3292.11
0.000135079191419 4 745.37 845.57 3898.51 4229.9
6.8009621506e-05 5 745.37 847.9 1435.49 2239.07 4451.47
4.46984592095e-05 5 745.37 847.9 1435.49 2967.05 3719.84
0.000156396628698 5 745.37 847.9 1784.69 2619.57 3719.84
1.66876693849e-05 5 745.37 847.9 1784.69 2946.36 3393.35
0.000556086224119 4 745.37 847.9 1798.22 6326.41
7.40497077668e-05 5 745.37 847.9 1804.0 2601.91 3719.84
0.000527344502641 4 745.37 847.9 1804.0 6326.41
2.77755096474e-05 4 745.37 847.9 2619.57 5501.78
0.000149012017434 4 745.37 847.9 3898.51 4229.9
6.96803262635e-05 5 745.37 890.41 944.57 1435.49 5707.09
2.40445285684e-05 5 745.37 890.41 1241.36 1994.56 4847.54
3.47633730926e-05 5 745.37 890.41 1340.81 3026.05 3719.84
0.00704664115549 4 745.37 890.41 1435.49 6645.64
0.000150093461566 5 745.37 890.41 1619.17 2239.07 4229.9
0.00115295455598 4 745.37 890.41 1798.22 6283.02
5.46221754014e-05 5 745.37 890.41 1804.0 2558.45 3719.84
0.0011242128345 4 745.37 890.41 1804.0 6283.02
5.48519307623e-05 5 745.37 890.41 2101.43 2259.22 3719.84
0.000107345400269 5 745.37 890.41 2239.07 2464.23 3382.81
0.000257639281117 5 745.37 944.57 946.8 2239.07 4847.54
6.90828117787e-05 5 745.37 944.57 1340.81 2239.07 4451.47
4.57716494823e-05 5 745.37 944.57 1340.81 2967.05 3719.84
0.000147045281198 5 745.37 944.57 1619.17 2239.07 4168.1
0.000120529258423 5 745.37 944.57 2239.07 2393.7 3393.35
0.00052141242756 4 745.37 944.57 2239.07 5792.2
0.000496930113471 4 745.37 944.57 2239.07 5794.3
9.82406232028e-05 4 745.37 944.57 2393.7 5636.9
0.000157457903865 4 745.37 944.57 2946.36 5086.36
0.00041984193684 4 745.37 944.57 3177.93 4847.54
0.000161198030904 4 745.37 944.57 3576.08 4451.47
0.000158371074565 4 745.37 944.57 3863.64 4168.1
0.000168997331298 4 745.37 944.57 3898.51 4133.15
7.43140701964e-05 5 745.37 946.8 1340.81 2239.07 4451.47
5.10029079e-05 5 745.37 946.8 1340.81 2967.05 3719.84
0.000152276539615 5 745.37 946.8 1619.17 2239.07 4168.1
2.5213869999e-05 5 745.37 946.8 1784.69 2946.36 3292.11
0.000125760516841 5 745.37 946.8 2239.07 2393.7 3393.35
0.000526643685978 4 745.37 946.8 2239.07 5792.2
0.00010347188162 4 745.37 946.8 2393.7 5636.9
0.000425073195258 4 745.37 946.8 3177.93 4847.54
0.000166429289322 4 745.37 946.8 3576.08 4451.47
0.000163602332982 4 745.37 946.8 3863.64 4168.1
0.000174228589716 4 745.37 946.8 3898.51 4133.15
7.18391904767e-06 5 745.37 989.08 1241.36 3026.05 3719.84
0.00699820490262 4 745.37 989.08 1340.81 6645.64
2.72244185963e-05 5 745.37 989.08 1784.69 3026.05 3177.93
2.27354915981e-05 5 745.37 989.08 1798.22 2464.23 3719.84
0.000109115214477 5 745.37 989.08 2239.07 2674.49 3073.95
0.000206382880833 4 745.37 989.08 2967.05 5021.29
0.000203250617139 5 745.37 1100.38 1241.36 1784.69 4847.54
1.02514979225e-05 5 745.37 1100.38 1340.81 1784.69 4751.83
0.000185467792904 5 745.37 1100.38 2239.07 2558.45 3073.95
0.000518796591334 4 745.37 1100.38 2239.07 5636.9
0.000449749176623 4 745.37 1100.38 3026.05 4847.54
0.000206982458234 4 745.37 1100.38 3382.81 4494.0
7.46111977522e-05 5 745.37 1241.36 1340.81 2674.49 3719.84
5.94723882409e-05 5 745.37 1241.36 1619.17 2393.7 3719.84
4.61400827874e-05 5 745.37 1241.36 1784.69 2558.45 3393.35
0.000125323749086 5 745.37 1241.36 2101.43 2239.07 3393.35
0.000141996252887 5 745.37 1241.36 2239.07 2464.23 3026.05
0.000150734135026 4 745.37 1241.36 2393.7 5339.27
5.59961732632e-06 5 745.37 1340.81 1619.17 1784.69 4229.9
2.75050358909e-05 5 745.37 1340.81 1784.69 2558.45 3292.11
9.46516973008e-05 5 745.37 1340.81 1784.69 2674.49 3177.93
0.000180220113069 5 745.37 1340.81 1994.56 2239.07 3403.55
0.000195096658523 4 745.37 1340.81 1994.56 5636.9
0.00010668870219 5 745.37 1340.81 2101.43 2239.07 3292.11
0.000236516725919 4 745.37 1340.81 3177.93 4451.47
0.000309007748599 4 745.37 1340.81 3177.93 4459.28
0.000176884721425 4 745.37 1340.81 3403.55 4229.9
2.45117409185e-05 5 745.37 1435.49 1619.17 1784.69 4133.15
0.000281608739068 5 745.37 1435.49 1784.69 2239.07 3509.86
1.53128834746e-05 5 745.37 1435.49 1784.69 2464.23 3292.11
0.00015523482227 4 745.37 1435.49 3090.63 4451.47
0.000195796845017 4 745.37 1435.49 3403.55 4133.15
0.000101050228095 5 745.37 1619.17 1784.69 1994.56 3576.08
7.95128877896e-05 5 745.37 1619.17 1784.69 2393.7 3177.93
0.00014395066197 5 745.37 1619.17 1784.69 2601.91 2967.05
0.000304981330562 4 745.37 1619.17 2601.91 4751.83
0.000120810956305 5 745.37 1784.69 1798.22 1994.56 3393.35
1.01143647503e-05 5 745.37 1784.69 1798.22 2101.43 3292.11
9.20692348266e-05 5 745.37 1784.69 1804.0 1994.56 3393.35
5.11166215492e-05 5 745.37 1784.69 1994.56 2101.43 3090.63
0.00035401691908 4 745.37 1784.69 2101.43 5086.36
0.000367776202904 5 745.37 1784.69 2239.07 2393.7 2558.45
0.000404997615089 4 745.37 1784.69 3292.11 3898.51
0.000250682551868 5 745.37 1798.22 1994.56 2239.07 2946.36
0.000211201008593 5 745.37 1798.22 2239.07 2259.22 2674.49
0.000247347160224 4 745.37 1798.22 2946.36 4229.9
0.000182459287115 5 745.37 1804.0 2239.07 2259.22 2674.49
0.000212718988778 4 745.37 1804.0 2674.49 4494.0
0.000342992769296 4 745.37 1994.56 2558.45 4425.63
0.000272335332194 4 745.37 1994.56 3403.55 3576.08
0.000227281246463 4 745.37 2101.43 2946.36 3927.57
0.000198803921315 4 745.37 2101.43 3292.11 3576.08
0.000645203537051 4 745.37 2239.07 2601.91 4133.15
0.000137612789534 4 745.37 2393.7 3073.95 3509.86
0.000250797991888 4 745.37 2393.7 3177.93 3403.55
0.000259539886139 4 745.37 2464.23 2967.05 3545.92
0.000292638642272 4 745.37 2558.45 3026.05 3393.35
0.000315235766068 4 745.37 2601.91 2967.05 3403.55
0.000144564019762 4 745.37 2619.57 2946.36 3403.55
0.000149339308628 4 745.37 2619.57 2967.05 3382.81
0.000688846341701 3 745.37 3177.93 5792.2
0.000664364027611 3 745.37 3177.93 5794.3
0.00058463701918 5 789.22 817.2 834.87 946.8 6326.41
0.000254431765363 5 789.22 817.2 834.87 2259.22 5021.29
0.000168355371968 5 789.22 817.2 834.87 3382.81 3898.51
0.000498785674632 5 789.22 817.2 845.57 989.08 6283.02
0.000655137020272 4 789.22 817.2 1784.69 6326.41
2.71849746507e-05 4 789.22 817.2 3026.05 5086.36
4.17337117531e-05 4 789.22 817.2 3090.63 5021.29
0.000194591739074 5 789.22 834.87 845.57 3382.81 3863.64
0.000208524565089 5 789.22 834.87 847.9 3382.81 3863.64
0.000533637829817 5 789.22 834.87 890.41 1340.81 5858.98
0.000332501892435 5 789.22 834.87 890.41 2674.49 4530.38
0.000288233699555 5 789.22 834.87 890.41 3073.95 4133.15
0.000268621012595 5 789.22 834.87 944.57 2393.7 4751.83
0.000181870543626 5 789.22 834.87 944.57 2619.57 4530.38
0.000229849589914 5 789.22 834.87 946.8 1804.0 5339.27
0.000273852271013 5 789.22 834.87 946.8 2393.7 4751.83
0.000187101802044 5 789.22 834.87 946.8 2619.57 4530.38
0.00045253381938 5 789.22 834.87 989.08 2259.22 4847.54
0.000305810534586 5 789.22 834.87 989.08 2674.49 4433.43
0.000321884319122 5 789.22 834.87 989.08 3177.93 3927.57
0.000506964704993 5 789.22 834.87 989.08 3382.81 3719.84
0.000689176980726 5 789.22 834.87 1100.38 2239.07 4751.83
0.000348226065581 5 789.22 834.87 1100.38 2464.23 4530.38
0.000382163113013 5 789.22 834.87 1100.38 2558.45 4433.43
0.000273415503258 5 789.22 834.87 1241.36 2101.43 4751.83
0.00035078594357 5 789.22 834.87 1241.36 2393.7 4459.28
0.000223813031381 5 789.22 834.87 1241.36 2619.57 4229.9
0.000271997407653 5 789.22 834.87 1340.81 2259.22 4494.0
0.000221868356153 5 789.22 834.87 1340.81 2619.57 4133.15
0.000324999246238 5 789.22 834.87 1340.81 3177.93 3576.08
0.000642004866804 5 789.22 834.87 1435.49 1784.69 4872.27
0.000341878324584 5 789.22 834.87 1619.17 2967.05 3509.86
0.000297186196783 5 789.22 834.87 1619.17 3073.95 3403.55
0.000284423972486 5 789.22 834.87 1619.17 3090.63 3382.81
0.000254376981151 5 789.22 834.87 1798.22 1804.0 4494.0
0.00026832840175 5 789.22 834.87 1798.22 2393.7 3898.51
0.000239586680272 5 789.22 834.87 1804.0 2393.7 3898.51
0.00069918628514 5 789.22 834.87 1994.56 2239.07 3863.64
0.000437751814398 5 789.22 834.87 1994.56 2558.45 3545.92
0.000395518481672 5 789.22 834.87 1994.56 3026.05 3073.95
0.000405502379109 5 789.22 834.87 2101.43 2601.91 3393.35
0.00035888339415 5 789.22 834.87 2101.43 2967.05 3026.05
0.000692016614355 5 789.22 834.87 2239.07 2464.23 3393.35
0.000773577180105 5 789.22 834.87 2239.07 2674.49 3177.93
0.00133858258669 4 789.22 834.87 2239.07 5858.98
0.000382928451757 5 789.22 834.87 2393.7 2674.49 3026.05
0.000336399180705 5 789.22 834.87 2464.23 2558.45 3073.95
0.00042217488291 5 789.22 834.87 2464.23 2601.91 3026.05
0.000712967516305 4 789.22 834.87 3073.95 5021.29
0.000695850893497 4 789.22 834.87 3863.64 4229.9
0.000752227549751 4 789.22 834.87 3927.57 4168.1
0.00126541766596 5 789.22 845.57 847.9 1241.36 5999.95
0.0137043554788 4 789.22 845.57 989.08 7100.11
0.0069530938192 4 789.22 845.57 1435.49 6645.64
5.65461252796e-05 5 789.22 845.57 1619.17 2239.07 4229.9
0.00105940721969 4 789.22 845.57 1798.22 6283.02
0.00103066549821 4 789.22 845.57 1804.0 6283.02
1.37980639822e-05 5 789.22 845.57 2239.07 2464.23 3382.81
0.00696702664522 4 789.22 847.9 1435.49 6645.64
0.0010733400457 4 789.22 847.9 1798.22 6283.02
2.7730889997e-05 5 789.22 847.9 2239.07 2464.23 3382.81
9.12858199026e-05 5 789.22 890.41 1340.81 2239.07 4459.28
7.02797975706e-05 5 789.22 890.41 2239.07 2259.22 3545.92
3.30760631922e-05 5 789.22 890.41 2239.07 2393.7 3403.55
3.82261781765e-05 5 789.22 890.41 2239.07 2619.57 3177.93
0.000148574949332 4 789.22 890.41 3292.11 4751.83
7.39198897796e-05 4 789.22 890.41 3509.86 4530.38
0.000100539499234 4 789.22 890.41 3545.92 4494.0
0.000183401039028 4 789.22 890.41 3576.08 4459.28
0.00696809983549 4 789.22 944.57 1340.81 6645.64
7.90101473429e-05 5 789.22 944.57 2239.07 2674.49 3073.95
0.000176277813699 4 789.22 944.57 2967.05 5021.29
0.00697333109391 4 789.22 946.8 1340.81 6645.64
8.42414057606e-05 5 789.22 946.8 2239.07 2674.49 3073.95
0.000109484166494 4 789.22 946.8 3545.92 4433.43
6.37063658576e-05 5 789.22 989.08 1241.36 2239.07 4459.28
5.25714405512e-05 5 789.22 989.08 1619.17 2601.91 3719.84
0.000505866235425 4 789.22 989.08 1619.17 6326.41
9.58488740447e-05 5 789.22 989.08 2239.07 2674.49 3026.05
0.000143833187336 4 789.22 989.08 2601.91 5339.27
0.00023983576577 4 789.22 989.08 3090.63 4847.54
4.72285319308e-05 4 789.22 989.08 3509.86 4433.43
9.26242449207e-05 5 789.22 1100.38 1435.49 2674.49 3719.84
1.6213614056e-05 5 789.22 1100.38 1619.17 1784.69 4425.63
1.013193512e-06 5 789.22 1100.38 1784.69 2967.05 3073.95
7.91416943496e-05 5 789.22 1100.38 2239.07 2619.57 2967.05
0.000162043862105 4 789.22 1100.38 3073.95 4751.83
0.000174088591905 4 789.22 1100.38 3382.81 4451.47
0.000210647428042 4 789.22 1100.38 3393.35 4433.43
0.000187498718155 4 789.22 1100.38 3403.55 4425.63
0.000165428449391 4 789.22 1100.38 3898.51 3927.57
0.000156049835077 4 789.22 1241.36 2601.91 5086.36
0.000120203306718 4 789.22 1340.81 1798.22 5792.2
9.57209926284e-05 4 789.22 1340.81 1798.22 5794.3
4.73986426826e-06 5 789.22 1340.81 1804.0 2239.07 3545.92
2.90396523792e-05 5 789.22 1340.81 2239.07 2259.22 3090.63
5.92993540429e-05 4 789.22 1340.81 3090.63 4494.0
0.000287522684834 5 789.22 1435.49 1784.69 1994.56 3719.84
0.000679843224336 4 789.22 1435.49 1784.69 5707.09
0.000158901565784 4 789.22 1435.49 1994.56 5501.78
0.00019300024902 4 789.22 1435.49 2619.57 4872.27
0.000145903633647 4 789.22 1435.49 2967.05 4530.38
0.00020908784422 5 789.22 1619.17 1784.69 1804.0 3719.84
4.49086193322e-05 5 789.22 1619.17 1784.69 2558.45 2967.05
8.04667251693e-05 4 789.22 1619.17 1804.0 5501.78
0.000160727373152 5 789.22 1619.17 1994.56 2239.07 3073.95
0.000124092285631 5 789.22 1619.17 2101.43 2239.07 2967.05
0.000148137343238 5 789.22 1619.17 2239.07 2393.7 2674.49
0.000365889455905 4 789.22 1619.17 2464.23 4847.54
0.000205939287925 4 789.22 1619.17 2558.45 4751.83
0.000257898179299 4 789.22 1619.17 3177.93 4133.15
0.00015709299753 4 789.22 1619.17 3382.81 3927.57
0.000300349591005 4 789.22 1784.69 1804.0 5339.27
0.000344352272104 4 789.22 1784.69 2393.7 4751.83
0.000257601803135 4 789.22 1784.69 2619.57 4530.38
1.14192258776e-05 5 789.22 1798.22 1804.0 2239.07 3090.63
0.000313015133673 4 789.22 1798.22 2259.22 4872.27
0.000203996603682 4 789.22 1798.22 2601.91 4530.38
0.000281057866608 4 789.22 1798.22 2674.49 4459.28
0.000211860649013 4 789.22 1798.22 2967.05 4168.1
0.000119818161676 4 789.22 1804.0 2101.43 5021.29
0.00017982512245 4 789.22 1804.0 2674.49 4451.47
0.000380372948318 4 789.22 1804.0 3403.55 3719.84
9.68550833937e-05 4 789.22 1804.0 3545.92 3576.08
0.000172053166519 4 789.22 1994.56 3073.95 3863.64
0.000266236129427 4 789.22 1994.56 3393.35 3545.92
0.00011652207069 4 789.22 2101.43 2393.7 4433.43
0.000228542983159 4 789.22 2101.43 2601.91 4229.9
0.000135418078998 4 789.22 2101.43 2967.05 3863.64
0.000495935920244 4 789.22 2239.07 2259.22 4433.43
0.000515057218405 4 789.22 2239.07 2464.23 4229.9
0.000546161494413 4 789.22 2239.07 2558.45 4133.15
0.000800428391795 4 789.22 2239.07 2967.05 3719.84
0.000514995177449 4 789.22 2239.07 3177.93 3509.86
0.000497749653048 4 789.22 2239.07 3292.11 3403.55
0.000468455813619 4 789.22 2259.22 2946.36 3719.84
0.000121154871505 4 789.22 2259.22 3090.63 3576.08
0.000170552363739 4 789.22 2259.22 3292.11 3382.81
0.000159463136605 4 789.22 2393.7 2674.49 3863.64
0.000124346449102 4 789.22 2393.7 3026.05 3509.86
0.000198709567757 4 789.22 2464.23 2601.91 3863.64
0.000164883495733 4 789.22 2464.23 3073.95 3393.35
0.000248699321856 4 789.22 2464.23 3177.93 3292.11
0.000216193723431 4 789.22 2558.45 2967.05 3403.55
0.00023443504788 4 789.22 2601.91 2946.36 3382.81
0.00103050044018 3 789.22 2601.91 6326.41
0.000273890664883 4 789.22 2674.49 2967.05 3292.11
0.000246444061483 4 789.22 2674.49 3073.95 3177.93
0.000811449468064 3 789.22 3073.95 5858.98
0.000512626198503 3 789.22 3292.11 5636.9
0.000526195621907 3 789.22 4433.43 4494.0
0.000632794988921 5 817.2 834.87 845.57 890.41 6326.41
0.000255108776281 5 817.2 834.87 845.57 3090.63 4133.15
0.000288046825606 5 817.2 834.87 845.57 3292.11 3927.57
0.000646727814935 5 817.2 834.87 847.9 890.41 6326.41
0.000286172462154 5 817.2 834.87 847.9 2464.23 4751.83
0.000269041602295 5 817.2 834.87 847.9 3090.63 4133.15
0.000301979651621 5 817.2 834.87 847.9 3292.11 3927.57
0.000337988751041 5 817.2 834.87 890.41 2946.36 4229.9
0.00025013805202 5 817.2 834.87 944.57 1619.17 5501.78
0.000470020917855 5 817.2 834.87 944.57 1784.69 5339.27
0.000289489488527 5 817.2 834.87 944.57 2101.43 5021.29
0.0003494964493 5 817.2 834.87 944.57 2674.49 4451.47
0.000550044275169 5 817.2 834.87 944.57 3403.55 3719.84
0.000266526410244 5 817.2 834.87 944.57 3545.92 3576.08
0.000255369310437 5 817.2 834.87 946.8 1619.17 5501.78
0.000475252176273 5 817.2 834.87 946.8 1784.69 5339.27
0.000294720746944 5 817.2 834.87 946.8 2101.43 5021.29
0.000555275533587 5 817.2 834.87 946.8 3403.55 3719.84
0.000271757668662 5 817.2 834.87 946.8 3545.92 3576.08
0.000302713338463 5 817.2 834.87 989.08 1994.56 5086.36
0.00025117317575 5 817.2 834.87 989.08 2619.57 4459.28
0.000308464621768 5 817.2 834.87 989.08 2946.36 4133.15
0.00028961234355 5 817.2 834.87 989.08 3177.93 3898.51
0.00037292093021 5 817.2 834.87 1100.38 3393.35 3576.08
0.000278143875326 5 817.2 834.87 1241.36 1804.0 5021.29
0.00027484778434 5 817.2 834.87 1241.36 2393.7 4433.43
0.000342462994982 5 817.2 834.87 1340.81 2558.45 4168.1
0.000341845105259 5 817.2 834.87 1340.81 3177.93 3545.92
0.000680832725302 5 817.2 834.87 1435.49 1784.69 4847.54
0.000259115308475 5 817.2 834.87 1435.49 2101.43 4530.38
0.000330270842566 5 817.2 834.87 1435.49 2464.23 4168.1
0.00026056320161 5 817.2 834.87 1435.49 3090.63 3545.92
0.00043121367511 5 817.2 834.87 1619.17 1994.56 4451.47
0.000834456400324 5 817.2 834.87 1784.69 2558.45 3719.84
0.00190404705942 4 817.2 834.87 1784.69 6283.02
0.000325072323842 5 817.2 834.87 1798.22 2101.43 4168.1
0.000348524466868 5 817.2 834.87 1798.22 3090.63 3177.93
0.000346917178241 5 817.2 834.87 1804.0 2967.05 3292.11
0.000410732613582 5 817.2 834.87 1994.56 2558.45 3509.86
0.000497798931266 5 817.2 834.87 1994.56 2674.49 3393.35
0.000278795572858 5 817.2 834.87 2101.43 2393.7 3576.08
0.000329405398259 5 817.2 834.87 2101.43 2558.45 3403.55
0.000387102339711 5 817.2 834.87 2101.43 2674.49 3292.11
0.000358331094253 5 817.2 834.87 2393.7 2601.91 3073.95
0.000688469124075 4 817.2 834.87 3576.08 4494.0
0.00071995557418 4 817.2 834.87 3898.51 4168.1
0.000140088658657 5 817.2 845.57 944.57 2239.07 4872.27
0.000145319917075 5 817.2 845.57 946.8 2239.07 4872.27
0.000285661091773 5 817.2 845.57 2101.43 2239.07 3719.84
0.000123564424719 4 817.2 845.57 2259.22 5792.2
9.90821106288e-05 4 817.2 845.57 2259.22 5794.3
7.78563064236e-05 4 817.2 845.57 2558.45 5501.78
9.15824791984e-05 4 817.2 845.57 2967.05 5086.36
0.000127777801325 4 817.2 845.57 3927.57 4133.15
0.000154021484672 5 817.2 847.9 944.57 2239.07 4872.27
0.00015925274309 5 817.2 847.9 946.8 2239.07 4872.27
0.000137497250733 4 817.2 847.9 2259.22 5792.2
0.000113014936644 4 817.2 847.9 2259.22 5794.3
0.000105515305213 4 817.2 847.9 2967.05 5086.36
0.000321455398812 4 817.2 847.9 3177.93 4872.27
1.44595644761e-05 5 817.2 890.41 1241.36 2239.07 4530.38
1.53476606722e-05 5 817.2 890.41 1340.81 2239.07 4433.43
8.03859020951e-05 5 817.2 890.41 1619.17 2674.49 3719.84
3.44931511717e-05 5 817.2 890.41 1784.69 1994.56 4229.9
4.32605967538e-05 5 817.2 890.41 2239.07 2259.22 3509.86
3.02352711803e-05 5 817.2 890.41 2239.07 2393.7 3382.81
0.00017164764888 4 817.2 890.41 2674.49 5339.27
0.000107462879798 4 817.2 890.41 3576.08 4433.43
0.000413585451538 5 817.2 944.57 1994.56 2239.07 3719.84
0.000387971440285 4 817.2 944.57 2101.43 5858.98
2.10163000715e-05 4 817.2 944.57 2619.57 5339.27
9.09144466451e-05 4 817.2 944.57 3509.86 4451.47
0.000265418098237 5 817.2 946.8 1784.69 2239.07 3927.57
0.000418816709956 5 817.2 946.8 1994.56 2239.07 3719.84
2.62475584892e-05 4 817.2 946.8 2619.57 5339.27
4.96902189872e-06 5 817.2 989.08 1784.69 1994.56 4133.15
7.12515165409e-05 5 817.2 989.08 2239.07 2601.91 3073.95
5.42339730579e-05 4 817.2 989.08 3382.81 4530.38
9.61100752409e-05 5 817.2 1100.38 1619.17 2464.23 3719.84
0.00184189711818 4 817.2 1100.38 1798.22 5999.95
0.0018131553967 4 817.2 1100.38 1804.0 5999.95
7.15256134713e-05 5 817.2 1100.38 2239.07 2619.57 2946.36
0.000187371822026 4 817.2 1100.38 2464.23 5339.27
0.00019596153426 4 817.2 1100.38 3576.08 4229.9
3.6747499816e-05 5 817.2 1241.36 1340.81 2601.91 3719.84
0.000405367548563 4 817.2 1241.36 1798.22 5858.98
0.000376625827085 4 817.2 1241.36 1804.0 5858.98
6.48861237983e-05 5 817.2 1241.36 2239.07 2393.7 3026.05
5.67879993647e-05 5 817.2 1340.81 1784.69 2601.91 3177.93
0.000116464279721 4 817.2 1340.81 3026.05 4530.38
0.000170947310011 4 817.2 1340.81 3393.35 4168.1
0.000115244340621 5 817.2 1435.49 2239.07 2259.22 2967.05
0.000231828107518 4 817.2 1435.49 2619.57 4847.54
0.000325869311529 4 817.2 1619.17 1784.69 5501.78
0.000116476204752 5 817.2 1619.17 2101.43 2239.07 2946.36
0.000210897415354 4 817.2 1619.17 2259.22 5021.29
0.000124821021959 4 817.2 1619.17 3382.81 3898.51
0.000227767920209 5 817.2 1784.69 1804.0 2239.07 3073.95
4.77717134022e-05 5 817.2 1784.69 1994.56 2101.43 3026.05
0.000226942510109 5 817.2 1784.69 2239.07 2259.22 2619.57
0.000257202211773 4 817.2 1784.69 2619.57 4494.0
0.000410671830181 4 817.2 1784.69 2946.36 4168.1
0.000662940715353 4 817.2 1784.69 3393.35 3719.84
0.000342257669753 4 817.2 1784.69 3545.92 3576.08
0.000173337310656 5 817.2 1798.22 2239.07 2259.22 2601.91
0.000351842992171 4 817.2 1798.22 2259.22 4847.54
0.000219136178165 4 817.2 1798.22 2674.49 4425.63
0.000205119707377 4 817.2 1798.22 2674.49 4433.43
0.000215389875438 4 817.2 1798.22 2967.05 4133.15
0.000221193491913 4 817.2 1798.22 3177.93 3927.57
0.000406273877784 4 817.2 1798.22 3382.81 3719.84
0.0142316436264 3 817.2 1798.22 7100.11
0.000144595589178 5 817.2 1804.0 2239.07 2259.22 2601.91
5.16959748706e-05 5 817.2 1804.0 2239.07 2393.7 2464.23
0.000174855290842 4 817.2 1804.0 2601.91 4494.0
0.000190394456687 4 817.2 1804.0 2674.49 4425.63
0.00018664815396 4 817.2 1804.0 2967.05 4133.15
0.000377532156306 4 817.2 1804.0 3382.81 3719.84
0.0142029019049 3 817.2 1804.0 7100.11
0.000320839535316 4 817.2 1994.56 2674.49 4229.9
0.00023921692861 4 817.2 1994.56 3393.35 3509.86
0.000128520337056 4 817.2 2101.43 3292.11 3509.86
0.000157889713288 4 817.2 2101.43 3393.35 3403.55
0.000792812310916 4 817.2 2239.07 2946.36 3719.84
0.000445511368802 4 817.2 2239.07 3090.63 3576.08
0.0074687439258 3 817.2 2259.22 6645.64
0.00018242975705 4 817.2 2393.7 2967.05 3545.92
0.000385451782541 4 817.2 2558.45 2619.57 3719.84
0.000245742823228 4 817.2 2558.45 2946.36 3393.35
0.00145504244164 3 817.2 2619.57 6283.02
0.000497154415627 3 817.2 3403.55 5501.78
0.000252060377457 5 834.87 845.57 847.9 2101.43 5086.36
0.000355611107603 5 834.87 845.57 847.9 3026.05 4168.1
0.000303041073466 5 834.87 845.57 847.9 3292.11 3898.51
0.000322010240753 5 834.87 845.57 890.41 2393.7 4751.83
0.000235259771784 5 834.87 845.57 890.41 2619.57 4530.38
0.000377860015109 5 834.87 845.57 944.57 2601.91 4494.0
0.000344559064714 5 834.87 845.57 946.8 2558.45 4530.38
0.000383091273526 5 834.87 845.57 946.8 2601.91 4494.0
0.00060906494012 5 834.87 845.57 989.08 1340.81 5707.09
0.000308923039605 5 834.87 845.57 989.08 2558.45 4494.0
0.000375071215915 5 834.87 845.57 989.08 2601.91 4451.47
0.000222584884724 5 834.87 845.57 989.08 2619.57 4425.63
0.000208568413936 5 834.87 845.57 989.08 2619.57 4433.43
0.000315765623003 5 834.87 845.57 1100.38 1435.49 5501.78
0.000328917223738 5 834.87 845.57 1100.38 3073.95 3863.64
0.000423100186646 5 834.87 845.57 1100.38 3393.35 3545.92
0.000578166059068 5 834.87 845.57 1241.36 3073.95 3719.84
0.000320179448122 5 834.87 845.57 1241.36 3292.11 3509.86
0.000349548824354 5 834.87 845.57 1241.36 3393.35 3403.55
0.00072939470118 5 834.87 845.57 1340.81 2239.07 4459.28
0.000348221342814 5 834.87 845.57 1340.81 2464.23 4229.9
0.000330913777457 5 834.87 845.57 1340.81 3292.11 3403.55
0.000398128425909 5 834.87 845.57 1435.49 2674.49 3927.57
0.000333816074321 5 834.87 845.57 1435.49 3026.05 3576.08
0.000266877398209 5 834.87 845.57 1435.49 3090.63 3509.86
0.000475116406763 5 834.87 845.57 1619.17 1994.56 4425.63
0.000372812649559 5 834.87 845.57 1619.17 2558.45 3863.64
0.00042476227974 5 834.87 845.57 1619.17 3026.05 3393.35
0.000560329341061 5 834.87 845.57 1784.69 1798.22 4451.47
0.000632820363741 5 834.87 845.57 1784.69 1798.22 4459.28
0.000531587619583 5 834.87 845.57 1784.69 1804.0 4451.47
0.000511225633738 5 834.87 845.57 1784.69 2393.7 3863.64
0.000607153869008 5 834.87 845.57 1784.69 2674.49 3576.08
0.000598206558616 5 834.87 845.57 1784.69 3073.95 3177.93
0.000311479618151 5 834.87 845.57 1798.22 1804.0 4433.43
0.000401376216257 5 834.87 845.57 1798.22 2946.36 3292.11
0.000333193226204 5 834.87 845.57 1804.0 2101.43 4133.15
0.000372634494778 5 834.87 845.57 1804.0 2946.36 3292.11
0.000443671953583 5 834.87 845.57 1994.56 2464.23 3576.08
0.000459915986219 5 834.87 845.57 1994.56 2967.05 3073.95
0.000328974829294 5 834.87 845.57 2101.43 2393.7 3545.92
0.000359898003663 5 834.87 845.57 2101.43 2558.45 3382.81
0.00067118494447 5 834.87 845.57 2239.07 2393.7 3403.55
0.000676335059454 5 834.87 845.57 2239.07 2619.57 3177.93
0.000343987655161 5 834.87 845.57 2259.22 2393.7 3382.81
0.000515034227585 5 834.87 845.57 2259.22 2601.91 3177.93
0.000422134613277 5 834.87 845.57 2393.7 2464.23 3177.93
0.000353044862044 5 834.87 845.57 2393.7 2558.45 3090.63
0.000285686331107 5 834.87 845.57 2393.7 2619.57 3026.05
0.000447325956305 5 834.87 845.57 2393.7 2674.49 2967.05
0.000712028771057 4 834.87 845.57 3509.86 4530.38
0.000738648380512 4 834.87 845.57 3545.92 4494.0
0.000821509920305 4 834.87 845.57 3576.08 4459.28
0.000671434019 5 834.87 847.9 890.41 1435.49 5707.09
0.000291940385669 5 834.87 847.9 890.41 1804.0 5339.27
0.000335943066768 5 834.87 847.9 890.41 2393.7 4751.83
0.000249192597799 5 834.87 847.9 890.41 2619.57 4530.38
0.000353260632311 5 834.87 847.9 944.57 2558.45 4530.38
0.000391792841123 5 834.87 847.9 944.57 2601.91 4494.0
0.000859392973854 5 834.87 847.9 946.8 2239.07 4847.54
0.000358491890729 5 834.87 847.9 946.8 2558.45 4530.38
0.000292004691276 5 834.87 847.9 946.8 3509.86 3576.08
0.000622997766135 5 834.87 847.9 989.08 1340.81 5707.09
0.000236517710738 5 834.87 847.9 989.08 2619.57 4425.63
0.000329698449018 5 834.87 847.9 1100.38 1435.49 5501.78
0.000342850049753 5 834.87 847.9 1100.38 3073.95 3863.64
0.000437033012661 5 834.87 847.9 1100.38 3393.35 3545.92
0.000592098885082 5 834.87 847.9 1241.36 3073.95 3719.84
0.000363481650368 5 834.87 847.9 1241.36 3393.35 3403.55
0.000743327527195 5 834.87 847.9 1340.81 2239.07 4459.28
0.000343032870667 5 834.87 847.9 1340.81 2259.22 4433.43
0.000362154168829 5 834.87 847.9 1340.81 2464.23 4229.9
0.000393258444837 5 834.87 847.9 1340.81 2558.45 4133.15
0.000344846603472 5 834.87 847.9 1340.81 3292.11 3403.55
0.000381066292421 5 834.87 847.9 1435.49 2464.23 4133.15
0.000412061251924 5 834.87 847.9 1435.49 2674.49 3927.57
0.000347748900336 5 834.87 847.9 1435.49 3026.05 3576.08
0.000280810224224 5 834.87 847.9 1435.49 3090.63 3509.86
0.000489049232778 5 834.87 847.9 1619.17 1994.56 4425.63
0.000386745475573 5 834.87 847.9 1619.17 2558.45 3863.64
0.000438695105754 5 834.87 847.9 1619.17 3026.05 3393.35
0.000574262167076 5 834.87 847.9 1784.69 1798.22 4451.47
0.000545520445598 5 834.87 847.9 1784.69 1804.0 4451.47
0.000621086695022 5 834.87 847.9 1784.69 2674.49 3576.08
0.000612139384631 5 834.87 847.9 1784.69 3073.95 3177.93
0.000325412444166 5 834.87 847.9 1798.22 1804.0 4433.43
0.000375867773697 5 834.87 847.9 1798.22 2101.43 4133.15
0.000415309042271 5 834.87 847.9 1798.22 2946.36 3292.11
0.000347126052219 5 834.87 847.9 1804.0 2101.43 4133.15
0.000457604779598 5 834.87 847.9 1994.56 2464.23 3576.08
0.00045631129907 5 834.87 847.9 1994.56 2946.36 3090.63
0.000473848812234 5 834.87 847.9 1994.56 2967.05 3073.95
0.000342907655309 5 834.87 847.9 2101.43 2393.7 3545.92
0.000685117770484 5 834.87 847.9 2239.07 2393.7 3403.55
0.000690267885469 5 834.87 847.9 2239.07 2619.57 3177.93
0.00109868380621 4 834.87 847.9 2239.07 5794.3
0.000357920481175 5 834.87 847.9 2259.22 2393.7 3382.81
0.0005289670536 5 834.87 847.9 2259.22 2601.91 3177.93
0.000436067439292 5 834.87 847.9 2393.7 2464.23 3177.93
0.000299619157121 5 834.87 847.9 2393.7 2619.57 3026.05
0.00046125878232 5 834.87 847.9 2393.7 2674.49 2967.05
0.000500505213472 5 834.87 847.9 2464.23 2601.91 2967.05
0.000759211596601 4 834.87 847.9 2946.36 5086.36
0.000725961597072 4 834.87 847.9 3509.86 4530.38
0.000752581206526 4 834.87 847.9 3545.92 4494.0
0.00083544274632 4 834.87 847.9 3576.08 4459.28
0.000760124767301 4 834.87 847.9 3863.64 4168.1
0.000770751024035 4 834.87 847.9 3898.51 4133.15
0.000672507209273 5 834.87 890.41 944.57 1340.81 5707.09
0.000372365308758 5 834.87 890.41 944.57 2558.45 4494.0
0.000438513485067 5 834.87 890.41 944.57 2601.91 4451.47
0.000286027153876 5 834.87 890.41 944.57 2619.57 4425.63
0.000272010683088 5 834.87 890.41 944.57 2619.57 4433.43
0.00067773846769 5 834.87 890.41 946.8 1340.81 5707.09
0.000291258412294 5 834.87 890.41 946.8 2619.57 4425.63
0.000308685489369 5 834.87 890.41 989.08 3073.95 3927.57
0.000353348337985 5 834.87 890.41 1100.38 1804.0 5086.36
0.000452382675831 5 834.87 890.41 1100.38 2464.23 4425.63
0.000438366205042 5 834.87 890.41 1100.38 2464.23 4433.43
0.000479631332606 5 834.87 890.41 1100.38 2967.05 3927.57
0.000409198219593 5 834.87 890.41 1100.38 3026.05 3863.64
0.000771320516722 5 834.87 890.41 1100.38 3177.93 3719.84
0.000379278504131 5 834.87 890.41 1100.38 3382.81 3509.86
0.0021794241282 4 834.87 890.41 1100.38 6890.16
0.000361249450918 5 834.87 890.41 1241.36 2259.22 4494.0
0.000311120399418 5 834.87 890.41 1241.36 2619.57 4133.15
0.000414251289504 5 834.87 890.41 1241.36 3177.93 3576.08
0.00071040011125 5 834.87 890.41 1340.81 1784.69 4872.27
0.000503825383388 5 834.87 890.41 1340.81 1804.0 4847.54
0.000311800416485 5 834.87 890.41 1340.81 3073.95 3576.08
0.000331683062992 5 834.87 890.41 1435.49 1804.0 4751.83
0.000425193607167 5 834.87 890.41 1435.49 2101.43 4459.28
0.00038004144718 5 834.87 890.41 1435.49 2393.7 4168.1
0.000410346731825 5 834.87 890.41 1435.49 3177.93 3382.81
0.000771832468168 5 834.87 890.41 1619.17 2239.07 4133.15
0.000441864697185 5 834.87 890.41 1619.17 2967.05 3403.55
0.000293354579884 5 834.87 890.41 1798.22 2619.57 3576.08
0.000382029562006 5 834.87 890.41 1804.0 2259.22 3927.57
0.000437040372059 5 834.87 890.41 1994.56 2101.43 3898.51
0.000586815967032 5 834.87 890.41 1994.56 2601.91 3393.35
0.000383754328917 5 834.87 890.41 1994.56 2619.57 3382.81
0.00254066426675 4 834.87 890.41 1994.56 5999.95
0.000476119375478 5 834.87 890.41 2101.43 2601.91 3292.11
0.000762633610724 5 834.87 890.41 2239.07 2464.23 3292.11
0.000509539521234 5 834.87 890.41 2259.22 2558.45 3177.93
0.000481077681107 5 834.87 890.41 2464.23 2558.45 2967.05
0.00079930185047 4 834.87 890.41 3545.92 4451.47
0.000783158261534 4 834.87 890.41 3863.64 4133.15
0.00194173480839 5 834.87 944.57 946.8 989.08 5999.95
0.00068832384373 5 834.87 944.57 946.8 2239.07 4751.83
0.000347372928585 5 834.87 944.57 946.8 2464.23 4530.38
0.000381309976017 5 834.87 944.57 946.8 2558.45 4433.43
0.000291906287351 5 834.87 944.57 946.8 3090.63 3898.51
0.000644927755228 5 834.87 944.57 989.08 1241.36 5707.09
0.000487591542543 5 834.87 944.57 989.08 2101.43 4847.54
0.000345707163492 5 834.87 944.57 989.08 3026.05 3927.57
0.000249572823295 5 834.87 944.57 989.08 3090.63 3863.64
0.000306278434978 5 834.87 944.57 989.08 3403.55 3545.92
0.000330771639291 5 834.87 944.57 1100.38 1340.81 5501.78
0.000695172473302 5 834.87 944.57 1100.38 1994.56 4847.54
0.000508092505991 5 834.87 944.57 1100.38 2674.49 4168.1
0.000440327954857 5 834.87 944.57 1100.38 3292.11 3545.92
0.000765257516288 5 834.87 944.57 1241.36 2239.07 4459.28
0.000384084157922 5 834.87 944.57 1241.36 2464.23 4229.9
0.000366776592565 5 834.87 944.57 1241.36 3292.11 3403.55
0.000307055130816 5 834.87 944.57 1340.81 2101.43 4494.0
0.000382139482694 5 834.87 944.57 1340.81 2464.23 4133.15
0.000413134442196 5 834.87 944.57 1340.81 2674.49 3927.57
0.000348822090609 5 834.87 944.57 1340.81 3026.05 3576.08
0.000281883414496 5 834.87 944.57 1340.81 3090.63 3509.86
0.000401484257946 5 834.87 944.57 1435.49 2601.91 3898.51
0.000397995632685 5 834.87 944.57 1619.17 2393.7 3927.57
0.000754122590981 5 834.87 944.57 1619.17 2601.91 3719.84
0.000441990047951 5 834.87 944.57 1619.17 3026.05 3292.11
0.000575104342052 5 834.87 944.57 1784.69 2259.22 3898.51
0.000682799974467 5 834.87 944.57 1798.22 2239.07 3898.51
0.000483068568814 5 834.87 944.57 1798.22 2967.05 3177.93
0.000654058252989 5 834.87 944.57 1804.0 2239.07 3898.51
0.000368680892917 5 834.87 944.57 1804.0 2558.45 3576.08
0.000487822363429 5 834.87 944.57 1994.56 2558.45 3382.81
0.000368910648278 5 834.87 944.57 2101.43 2259.22 3576.08
0.000797400024475 5 834.87 944.57 2239.07 2674.49 3026.05
0.000448446169674 5 834.87 944.57 2259.22 2601.91 3073.95
0.000475337683035 5 834.87 944.57 2393.7 2601.91 2946.36
0.000845384337766 4 834.87 944.57 2601.91 5339.27
0.0009413869162 4 834.87 944.57 3090.63 4847.54
0.000762796153149 4 834.87 944.57 3509.86 4425.63
0.000748779682361 4 834.87 944.57 3509.86 4433.43
0.000650159013645 5 834.87 946.8 989.08 1241.36 5707.09
0.000492822800961 5 834.87 946.8 989.08 2101.43 4847.54
0.000311509693396 5 834.87 946.8 989.08 3403.55 3545.92
0.000445559213275 5 834.87 946.8 1100.38 3292.11 3545.92
0.000770488774705 5 834.87 946.8 1241.36 2239.07 4459.28
0.000370194118178 5 834.87 946.8 1241.36 2259.22 4433.43
0.000389315416339 5 834.87 946.8 1241.36 2464.23 4229.9
0.000420419692348 5 834.87 946.8 1241.36 2558.45 4133.15
0.000372007850982 5 834.87 946.8 1241.36 3292.11 3403.55
0.000312286389234 5 834.87 946.8 1340.81 2101.43 4494.0
0.000387370741111 5 834.87 946.8 1340.81 2464.23 4133.15
0.000287114672914 5 834.87 946.8 1340.81 3090.63 3509.86
0.000406715516364 5 834.87 946.8 1435.49 2601.91 3898.51
0.000592572069819 5 834.87 946.8 1619.17 1784.69 4530.38
0.000403226891103 5 834.87 946.8 1619.17 2393.7 3927.57
0.000759353849399 5 834.87 946.8 1619.17 2601.91 3719.84
0.000447221306368 5 834.87 946.8 1619.17 3026.05 3292.11
0.000580335600469 5 834.87 946.8 1784.69 2259.22 3898.51
0.000664858794055 5 834.87 946.8 1784.69 2601.91 3545.92
0.000688031232885 5 834.87 946.8 1798.22 2239.07 3898.51
0.000402653872813 5 834.87 946.8 1798.22 2558.45 3576.08
0.000659289511407 5 834.87 946.8 1804.0 2239.07 3898.51
0.000373912151335 5 834.87 946.8 1804.0 2558.45 3576.08
0.000239614944285 5 834.87 946.8 1804.0 2619.57 3509.86
0.000462130447477 5 834.87 946.8 1994.56 2393.7 3545.92
0.000493053621846 5 834.87 946.8 1994.56 2558.45 3382.81
0.000374141906696 5 834.87 946.8 2101.43 2259.22 3576.08
0.00061497825996 5 834.87 946.8 2239.07 2619.57 3073.95
0.000802631282892 5 834.87 946.8 2239.07 2674.49 3026.05
0.000453677428092 5 834.87 946.8 2259.22 2601.91 3073.95
0.000480568941453 5 834.87 946.8 2393.7 2601.91 2946.36
0.000850615596184 4 834.87 946.8 2601.91 5339.27
0.000946618174617 4 834.87 946.8 3090.63 4847.54
0.000763857173918 4 834.87 946.8 3403.55 4530.38
0.000768027411566 4 834.87 946.8 3509.86 4425.63
0.000641290189658 5 834.87 989.08 1100.38 3073.95 3719.84
0.000412672954944 5 834.87 989.08 1100.38 3393.35 3403.55
0.000682820657205 5 834.87 989.08 1241.36 1784.69 4872.27
0.000476245929343 5 834.87 989.08 1241.36 1804.0 4847.54
0.00028422096244 5 834.87 989.08 1241.36 3073.95 3576.08
0.000311988531605 5 834.87 989.08 1340.81 1798.22 4751.83
0.000283246810127 5 834.87 989.08 1340.81 1804.0 4751.83
0.000304266331622 5 834.87 989.08 1340.81 2101.43 4451.47
0.000332547282443 5 834.87 989.08 1435.49 2558.45 3898.51
0.000320233243696 5 834.87 989.08 1435.49 2946.36 3509.86
0.000280316404762 5 834.87 989.08 1435.49 3073.95 3382.81
0.00055693604471 5 834.87 989.08 1619.17 1784.69 4494.0
0.000685185615478 5 834.87 989.08 1619.17 2558.45 3719.84
0.000823598599657 5 834.87 989.08 1784.69 2393.7 3719.84
0.000602603159491 5 834.87 989.08 1784.69 2601.91 3509.86
0.00034202996536 5 834.87 989.08 1798.22 3026.05 3073.95
0.000399874812914 5 834.87 989.08 1994.56 2393.7 3509.86
0.000318547597592 5 834.87 989.08 2101.43 2393.7 3403.55
0.000323697712576 5 834.87 989.08 2101.43 2619.57 3177.93
0.000756595947404 4 834.87 989.08 2101.43 5792.2
0.000732113633314 4 834.87 989.08 2101.43 5794.3
0.000735126627821 5 834.87 989.08 2239.07 2259.22 3393.35
0.000379509194171 5 834.87 989.08 2259.22 2558.45 3073.95
0.0007128379926 4 834.87 989.08 2259.22 5636.9
0.000406400707532 5 834.87 989.08 2393.7 2558.45 2946.36
0.000694977480607 4 834.87 989.08 2393.7 5501.78
0.000776447362263 4 834.87 989.08 2558.45 5339.27
0.000412180544363 5 834.87 989.08 2601.91 2619.57 2674.49
0.00092931921669 4 834.87 989.08 3026.05 4872.27
0.000728221148809 4 834.87 989.08 3403.55 4494.0
0.000357839532067 5 834.87 1100.38 1241.36 2619.57 3927.57
0.000449046044252 5 834.87 1100.38 1241.36 2674.49 3863.64
0.000455166805677 5 834.87 1100.38 1241.36 2967.05 3576.08
0.000511847262381 5 834.87 1100.38 1340.81 1994.56 4451.47
0.000446486959132 5 834.87 1100.38 1435.49 2946.36 3403.55
0.000451262247999 5 834.87 1100.38 1435.49 2967.05 3382.81
0.0005898097318 5 834.87 1100.38 1619.17 1994.56 4168.1
0.000818551600816 5 834.87 1100.38 1619.17 2239.07 3927.57
0.000393624258939 5 834.87 1100.38 1619.17 2619.57 3545.92
0.00041874945715 5 834.87 1100.38 1619.17 3073.95 3090.63
0.000616246460629 5 834.87 1100.38 1784.69 2101.43 3898.51
0.000766022055602 5 834.87 1100.38 1784.69 2601.91 3393.35
0.000562960417487 5 834.87 1100.38 1784.69 2619.57 3382.81
0.00271987035532 4 834.87 1100.38 1784.69 5999.95
0.000509355218034 5 834.87 1100.38 1798.22 2601.91 3382.81
0.000714634262295 5 834.87 1100.38 1804.0 2259.22 3719.84
0.000480613496556 5 834.87 1100.38 1804.0 2601.91 3382.81
0.000877455157191 5 834.87 1100.38 1994.56 2239.07 3545.92
0.000563293709025 5 834.87 1100.38 1994.56 2393.7 3393.35
0.000964176878163 4 834.87 1100.38 1994.56 5792.2
0.000939694564073 4 834.87 1100.38 1994.56 5794.3
0.000452597117471 5 834.87 1100.38 2101.43 2393.7 3292.11
0.000895893651166 5 834.87 1100.38 2239.07 2601.91 2946.36
0.000550455037408 5 834.87 1100.38 2259.22 2558.45 2967.05
0.00048853312279 5 834.87 1100.38 2558.45 2601.91 2619.57
0.000862270668688 4 834.87 1100.38 3292.11 4494.0
0.000295709517616 5 834.87 1241.36 1340.81 1804.0 4494.0
0.000577273061142 5 834.87 1241.36 1435.49 1784.69 4425.63
0.000444997584443 5 834.87 1241.36 1435.49 3026.05 3177.93
0.000422856037109 5 834.87 1241.36 1619.17 1798.22 4229.9
0.000320072896646 5 834.87 1241.36 1619.17 2619.57 3403.55
0.000408981172047 5 834.87 1241.36 1619.17 2946.36 3073.95
0.000643944484166 5 834.87 1241.36 1784.69 1994.56 3863.64
0.00063677481338 5 834.87 1241.36 1784.69 2464.23 3393.35
0.00128334078571 4 834.87 1241.36 1784.69 5858.98
0.000380107975812 5 834.87 1241.36 1798.22 2464.23 3382.81
0.000357565035078 5 834.87 1241.36 1804.0 2259.22 3576.08
0.000461693679723 5 834.87 1241.36 1994.56 2101.43 3545.92
0.000526946081111 5 834.87 1241.36 1994.56 2259.22 3393.35
0.000485763712473 5 834.87 1241.36 1994.56 2558.45 3090.63
0.000418405181535 5 834.87 1241.36 1994.56 2619.57 3026.05
0.000360341046029 5 834.87 1241.36 2101.43 2464.23 3073.95
0.000359285880568 5 834.87 1241.36 2464.23 2558.45 2619.57
0.000788664010004 4 834.87 1241.36 2558.45 5086.36
0.000735854216168 4 834.87 1241.36 2619.57 5021.29
0.000787889398691 4 834.87 1241.36 3509.86 4133.15
0.00107912622951 4 834.87 1241.36 3719.84 3927.57
0.000384780044151 5 834.87 1340.81 1435.49 2558.45 3545.92
0.000396692643509 5 834.87 1340.81 1435.49 2601.91 3509.86
0.000494851668006 5 834.87 1340.81 1619.17 1994.56 3927.57
0.000618139766484 5 834.87 1340.81 1784.69 2464.23 3292.11
0.000678008360031 5 834.87 1340.81 1798.22 2239.07 3509.86
0.000409457244065 5 834.87 1340.81 1798.22 2674.49 3073.95
0.000443999587932 5 834.87 1340.81 1804.0 2558.45 3177.93
0.000508311034214 5 834.87 1340.81 1994.56 2259.22 3292.11
0.000572193718356 5 834.87 1340.81 1994.56 2601.91 2946.36
0.000444229343293 5 834.87 1340.81 2101.43 2259.22 3177.93
0.000996746495394 4 834.87 1340.81 2674.49 4872.27
0.000758061705279 4 834.87 1340.81 3090.63 4451.47
0.000549640177454 5 834.87 1435.49 1784.69 1798.22 3863.64
0.000520898455976 5 834.87 1435.49 1784.69 1804.0 3863.64
0.00060190385577 5 834.87 1435.49 1784.69 2259.22 3403.55
0.000367389373011 5 834.87 1435.49 1798.22 2101.43 3545.92
0.000432641774399 5 834.87 1435.49 1798.22 2259.22 3393.35
0.000391459405761 5 834.87 1435.49 1798.22 2558.45 3090.63
0.000324100874823 5 834.87 1435.49 1798.22 2619.57 3026.05
0.000338647651533 5 834.87 1435.49 1804.0 2101.43 3545.92
0.000680857766708 5 834.87 1435.49 1804.0 2239.07 3403.55
0.000353660477399 5 834.87 1435.49 1804.0 2259.22 3382.81
0.000431807435516 5 834.87 1435.49 1804.0 2464.23 3177.93
0.000362717684283 5 834.87 1435.49 1804.0 2558.45 3090.63
0.000295359153345 5 834.87 1435.49 1804.0 2619.57 3026.05
0.000456998778543 5 834.87 1435.49 1804.0 2674.49 2967.05
0.000362947439644 5 834.87 1435.49 2101.43 2259.22 3090.63
0.000768940632009 5 834.87 1435.49 2239.07 2259.22 2946.36
0.00105619614521 4 834.87 1435.49 2601.91 4847.54
0.000823771620626 4 834.87 1435.49 3026.05 4425.63
0.000762272623349 4 834.87 1435.49 3545.92 3898.51
0.000607911008768 5 834.87 1619.17 1784.69 2101.43 3382.81
0.000601057867149 5 834.87 1619.17 1784.69 2393.7 3090.63
0.000394318434554 5 834.87 1619.17 1798.22 2393.7 3073.95
0.000533483714071 5 834.87 1619.17 2101.43 2558.45 2601.91
0.000819997949317 5 834.87 1619.17 2239.07 2464.23 2558.45
0.00119656628492 4 834.87 1619.17 2239.07 5021.29
0.000981607685883 4 834.87 1619.17 2393.7 4872.27
0.000792110758762 4 834.87 1619.17 3403.55 3863.64
0.00111491095638 4 834.87 1619.17 3545.92 3719.84
0.000568696948032 5 834.87 1784.69 1804.0 2619.57 2674.49
0.00067189669825 5 834.87 1784.69 2101.43 2393.7 2601.91
0.0010513105478 5 834.87 1784.69 2239.07 2259.22 2601.91
0.000958410933496 5 834.87 1784.69 2239.07 2393.7 2464.23
0.00108157024947 4 834.87 1784.69 2601.91 4494.0
0.00109710941531 4 834.87 1784.69 2674.49 4425.63
0.00109336311259 4 834.87 1784.69 2967.05 4133.15
0.00128424711493 4 834.87 1784.69 3382.81 3719.84
0.0151096168636 3 834.87 1784.69 7100.11
0.000490690607713 5 834.87 1798.22 1804.0 1994.56 3292.11
0.000426608916791 5 834.87 1798.22 1804.0 2101.43 3177.93
0.000415374037998 5 834.87 1798.22 1804.0 2259.22 3026.05
0.00133751186173 4 834.87 1798.22 2239.07 4847.54
0.000836610778609 4 834.87 1798.22 2558.45 4530.38
0.000770123579156 4 834.87 1798.22 3509.86 3576.08
0.000405215032607 5 834.87 1804.0 1994.56 2464.23 2619.57
0.000834593162043 4 834.87 1804.0 1994.56 5086.36
0.000783052999329 4 834.87 1804.0 2619.57 4459.28
0.000840344445348 4 834.87 1804.0 2946.36 4133.15
0.00082149216713 4 834.87 1804.0 3177.93 3898.51
0.000848582201227 5 834.87 1994.56 2239.07 2259.22 2393.7
0.000878841902891 4 834.87 1994.56 2393.7 4494.0
0.000933627499889 4 834.87 1994.56 2464.23 4425.63
0.000960876156664 4 834.87 1994.56 2967.05 3927.57
0.000890443043651 4 834.87 1994.56 3026.05 3863.64
0.000860523328189 4 834.87 1994.56 3382.81 3509.86
0.00266066895226 3 834.87 1994.56 6890.16
0.000754040943205 4 834.87 2101.43 2619.57 4168.1
0.000779196112867 4 834.87 2101.43 3382.81 3403.55
0.00111674517335 4 834.87 2239.07 3073.95 3576.08
0.345441279537 3 834.87 2239.07 6645.64
0.000845246809583 4 834.87 2259.22 2393.7 4229.9
0.000853692861939 4 834.87 2393.7 2558.45 3927.57
0.000836126048438 4 834.87 2393.7 2946.36 3545.92
0.000772342971248 4 834.87 2393.7 3090.63 3403.55
0.000831323742684 4 834.87 2464.23 2558.45 3863.64
0.000883273372865 4 834.87 2464.23 3026.05 3393.35
0.00120981982024 4 834.87 2558.45 2601.91 3719.84
0.000867049222807 4 834.87 2558.45 2946.36 3382.81
0.00166311461511 3 834.87 2558.45 6326.41
0.00227941047933 3 834.87 2601.91 6283.02
0.000777493086232 4 834.87 2619.57 3090.63 3177.93
0.0015298393452 3 834.87 3026.05 5858.98
0.00121039132106 3 834.87 3090.63 5792.2
0.00118590900697 3 834.87 3090.63 5794.3
0.00164488588028 3 834.87 3177.93 5707.09
0.00115562599588 3 834.87 3382.81 5501.78
0.00120617270317 3 834.87 3545.92 5339.27
0.00120789207828 3 834.87 3863.64 5021.29
0.00125439378118 3 834.87 4133.15 4751.83
0.00131146546661 3 834.87 4425.63 4459.28
0.00122495797314 3 834.87 4433.43 4451.47
1.8429917866 2 834.87 8884.81
1.95463673683e-05 5 845.57 847.9 1340.81 2967.05 3719.84
0.000120819999084 5 845.57 847.9 1619.17 2239.07 4168.1
9.43039763092e-05 5 845.57 847.9 2239.07 2393.7 3393.35
7.20153410888e-05 4 845.57 847.9 2393.7 5636.9
0.000393616654726 4 845.57 847.9 3177.93 4847.54
0.00013497274879 4 845.57 847.9 3576.08 4451.47
3.49306630408e-05 5 845.57 890.41 989.08 2239.07 4751.83
3.04680800715e-05 5 845.57 890.41 1241.36 3026.05 3719.84
0.00702148906365 4 845.57 890.41 1340.81 6645.64
4.60196526219e-05 5 845.57 890.41 1798.22 2464.23 3719.84
1.72779311439e-05 5 845.57 890.41 1804.0 2464.23 3719.84
0.000132399375501 5 845.57 890.41 2239.07 2674.49 3073.95
0.000157642136234 4 845.57 890.41 3545.92 4433.43
6.47875187576e-05 5 845.57 944.57 1241.36 2239.07 4451.47
4.14763564611e-05 5 845.57 944.57 1241.36 2967.05 3719.84
3.16485607864e-05 5 845.57 944.57 1784.69 2601.91 3545.92
6.15168560098e-05 5 845.57 944.57 1784.69 2967.05 3177.93
9.75989185056e-05 5 845.57 944.57 2239.07 2393.7 3292.11
0.000134902259835 5 845.57 944.57 2239.07 2601.91 3090.63
0.000222547524603 4 845.57 944.57 3177.93 4751.83
0.000130646940649 4 845.57 944.57 3403.55 4530.38
4.67076148789e-05 5 845.57 946.8 1241.36 2967.05 3719.84
0.000266479520081 5 845.57 946.8 1784.69 2239.07 3898.51
6.67481144275e-05 5 845.57 946.8 1784.69 2967.05 3177.93
0.000102830176923 5 845.57 946.8 2239.07 2393.7 3292.11
0.000140133518253 5 845.57 946.8 2239.07 2601.91 3090.63
0.00022777878302 4 845.57 946.8 3177.93 4751.83
0.000173043379742 4 845.57 946.8 3393.35 4530.38
0.0069939096096 4 845.57 989.08 1241.36 6645.64
0.000224146056025 5 845.57 989.08 1784.69 2239.07 3863.64
4.18952515819e-05 5 845.57 989.08 2101.43 2239.07 3545.92
5.69080774482e-05 5 845.57 989.08 2239.07 2259.22 3382.81
0.000135055035565 5 845.57 989.08 2239.07 2464.23 3177.93
6.59652843319e-05 5 845.57 989.08 2239.07 2558.45 3090.63
0.000160246378592 5 845.57 989.08 2239.07 2674.49 2967.05
0.000137407354634 4 845.57 989.08 3393.35 4494.0
0.000430585932355 4 845.57 989.08 3719.84 4168.1
5.95620490134e-06 5 845.57 1100.38 1241.36 1784.69 4751.83
8.780350523e-05 5 845.57 1100.38 1784.69 2601.91 3382.81
9.14240957934e-05 5 845.57 1100.38 1784.69 2967.05 3026.05
0.000115397008923 5 845.57 1100.38 1798.22 2259.22 3719.84
5.61217310775e-05 5 845.57 1100.38 1994.56 2601.91 3177.93
0.000148123548647 5 845.57 1100.38 2239.07 2464.23 3073.95
0.000252454764386 4 845.57 1100.38 3026.05 4751.83
0.000246140790697 4 845.57 1100.38 3545.92 4229.9
1.30432430521e-06 5 845.57 1241.36 1619.17 1784.69 4229.9
2.32097428698e-05 5 845.57 1241.36 1784.69 2558.45 3292.11
9.03564042797e-05 5 845.57 1241.36 1784.69 2674.49 3177.93
0.000175924820048 5 845.57 1241.36 1994.56 2239.07 3403.55
0.000190801365502 4 845.57 1241.36 1994.56 5636.9
0.000102393409168 5 845.57 1241.36 2101.43 2239.07 3292.11
0.000232221432898 4 845.57 1241.36 3177.93 4451.47
0.000172589428404 4 845.57 1241.36 3403.55 4229.9
0.000256456647227 5 845.57 1340.81 1784.69 2239.07 3509.86
6.60340320985e-05 5 845.57 1340.81 2239.07 2619.57 2674.49
0.000202261582559 4 845.57 1340.81 3073.95 4459.28
0.000170644753176 4 845.57 1340.81 3403.55 4133.15
4.03327155512e-05 5 845.57 1435.49 1619.17 2101.43 3719.84
9.90249658018e-05 5 845.57 1435.49 1619.17 2239.07 3576.08
1.10900615953e-05 5 845.57 1435.49 1784.69 2259.22 3393.35
8.16205133358e-05 5 845.57 1435.49 1798.22 2239.07 3403.55
9.64970587906e-05 4 845.57 1435.49 1798.22 5636.9
9.0043972533e-05 5 845.57 1435.49 1804.0 2239.07 3393.35
6.77553373126e-05 4 845.57 1435.49 1804.0 5636.9
0.000131594462336 4 845.57 1435.49 2101.43 5339.27
0.000171221358823 4 845.57 1435.49 2946.36 4494.0
0.000139546423254 4 845.57 1435.49 3509.86 3927.57
0.000110350759169 4 845.57 1435.49 3576.08 3863.64
5.08952225872e-05 5 845.57 1619.17 2239.07 2393.7 2619.57
0.00024780288379 4 845.57 1619.17 3026.05 4229.9
0.000208045199847 4 845.57 1619.17 3090.63 4168.1
0.000201296964587 4 845.57 1619.17 3393.35 3863.64
9.7880616387e-05 5 845.57 1784.69 1798.22 1994.56 3292.11
6.9138894909e-05 5 845.57 1784.69 1804.0 1994.56 3292.11
0.00091596014893 4 845.57 1784.69 2239.07 4847.54
0.000415059065805 4 845.57 1784.69 2558.45 4530.38
0.000348571866352 4 845.57 1784.69 3509.86 3576.08
0.000111324723277 4 845.57 1798.22 2619.57 4451.47
0.000183815745957 4 845.57 1798.22 2619.57 4459.28
0.000241107191975 4 845.57 1798.22 2946.36 4133.15
0.000222254913757 4 845.57 1798.22 3177.93 3898.51
8.25830017994e-05 4 845.57 1804.0 2619.57 4451.47
0.000494242732104 4 845.57 2101.43 2239.07 4530.38
0.000278884030949 4 845.57 2101.43 2601.91 4168.1
0.000188382318692 4 845.57 2101.43 3382.81 3393.35
0.000565398266194 4 845.57 2239.07 2464.23 4168.1
0.000495690625238 4 845.57 2239.07 3090.63 3545.92
6.22210159541e-05 4 845.57 2393.7 2619.57 3863.64
0.000188743953649 4 845.57 2393.7 2967.05 3509.86
0.000144051825848 4 845.57 2393.7 3073.95 3403.55
0.000181529177073 4 845.57 2393.7 3090.63 3393.35
0.000205054822493 4 845.57 2464.23 3026.05 3382.81
0.000269708302355 4 845.57 2558.45 3026.05 3292.11
0.000302336173975 4 845.57 2601.91 3090.63 3177.93
0.000158149251224 4 845.57 2619.57 2674.49 3576.08
0.000149201940833 4 845.57 2619.57 3073.95 3177.93
0.000336854963765 4 845.57 2674.49 3026.05 3177.93
0.000610995469081 3 845.57 4425.63 4451.47
4.88634890555e-05 5 847.9 890.41 989.08 2239.07 4751.83
5.99524786366e-05 5 847.9 890.41 1798.22 2464.23 3719.84
0.000171574962249 4 847.9 890.41 3545.92 4433.43
5.54091824759e-05 5 847.9 944.57 1241.36 2967.05 3719.84
0.000275181087678 5 847.9 944.57 1784.69 2239.07 3898.51
7.54496820245e-05 5 847.9 944.57 1784.69 2967.05 3177.93
0.00011153174452 5 847.9 944.57 2239.07 2393.7 3292.11
0.00014883508585 5 847.9 944.57 2239.07 2601.91 3090.63
0.000236480350617 4 847.9 944.57 3177.93 4751.83
0.000181744947339 4 847.9 944.57 3393.35 4530.38
6.06404408936e-05 5 847.9 946.8 1241.36 2967.05 3719.84
0.000280412346096 5 847.9 946.8 1784.69 2239.07 3898.51
0.000116763002938 5 847.9 946.8 2239.07 2393.7 3292.11
0.000332259855232 4 847.9 946.8 3073.95 4847.54
0.000186976205757 4 847.9 946.8 3393.35 4530.38
0.00700784243562 4 847.9 989.08 1241.36 6645.64
5.58280775966e-05 5 847.9 989.08 2101.43 2239.07 3545.92
7.08409034629e-05 5 847.9 989.08 2239.07 2259.22 3382.81
0.00014898786158 5 847.9 989.08 2239.07 2464.23 3177.93
1.25395794087e-05 5 847.9 989.08 2239.07 2619.57 3026.05
0.000174179204607 5 847.9 989.08 2239.07 2674.49 2967.05
9.31495028478e-06 5 847.9 1100.38 1435.49 2619.57 3719.84
0.000101736331245 5 847.9 1100.38 1784.69 2601.91 3382.81
7.00545570922e-05 5 847.9 1100.38 1994.56 2601.91 3177.93
0.000260073616711 4 847.9 1100.38 3545.92 4229.9
1.52371503199e-05 5 847.9 1241.36 1619.17 1784.69 4229.9
0.000227022826738 5 847.9 1241.36 1994.56 2239.07 3393.35
0.000204734191517 4 847.9 1241.36 1994.56 5636.9
0.000116326235183 5 847.9 1241.36 2101.43 2239.07 3292.11
0.000246154258913 4 847.9 1241.36 3177.93 4451.47
0.000186522254419 4 847.9 1241.36 3403.55 4229.9
0.000270389473242 5 847.9 1340.81 1784.69 2239.07 3509.86
1.83835727561e-06 5 847.9 1340.81 1784.69 2674.49 3073.95
0.000208387779841 5 847.9 1340.81 1994.56 2239.07 3292.11
7.99668581132e-05 5 847.9 1340.81 2239.07 2619.57 2674.49
0.000143703385894 4 847.9 1340.81 3073.95 4451.47
0.000216194408573 4 847.9 1340.81 3073.95 4459.28
0.000221742759866 4 847.9 1340.81 3393.35 4133.15
5.4265541566e-05 5 847.9 1435.49 1619.17 2101.43 3719.84
0.000112957791817 5 847.9 1435.49 1619.17 2239.07 3576.08
2.502288761e-05 5 847.9 1435.49 1784.69 2259.22 3393.35
0.000110429884805 4 847.9 1435.49 1798.22 5636.9
0.000103976798548 5 847.9 1435.49 1804.0 2239.07 3393.35
6.30241852703e-05 5 847.9 1435.49 2101.43 2239.07 3090.63
0.000145527288351 4 847.9 1435.49 2101.43 5339.27
0.000185154184837 4 847.9 1435.49 2946.36 4494.0
0.000153479249268 4 847.9 1435.49 3509.86 3927.57
0.000124283585183 4 847.9 1435.49 3576.08 3863.64
6.4828048602e-05 5 847.9 1619.17 2239.07 2393.7 2619.57
0.000261735709805 4 847.9 1619.17 3026.05 4229.9
0.000215229790602 4 847.9 1619.17 3393.35 3863.64
0.000111813442402 5 847.9 1784.69 1798.22 1994.56 3292.11
3.64968726866e-05 5 847.9 1784.69 1798.22 2259.22 3026.05
8.30717209237e-05 5 847.9 1784.69 1804.0 1994.56 3292.11
1.89900300023e-05 5 847.9 1784.69 1804.0 2101.43 3177.93
7.75515120856e-06 5 847.9 1784.69 1804.0 2259.22 3026.05
0.000929892974945 4 847.9 1784.69 2239.07 4847.54
0.00042899189182 4 847.9 1784.69 2558.45 4530.38
0.000362504692367 4 847.9 1784.69 3509.86 3576.08
0.000115450783624 5 847.9 1798.22 1804.0 2239.07 3026.05
0.000125257549292 4 847.9 1798.22 2619.57 4451.47
0.000236187739772 4 847.9 1798.22 3177.93 3898.51
9.65158278141e-05 4 847.9 1804.0 2619.57 4451.47
0.000328980324115 4 847.9 1994.56 2946.36 3927.57
0.000508175558118 4 847.9 2101.43 2239.07 4530.38
0.000292816856963 4 847.9 2101.43 2601.91 4168.1
0.000579331092209 4 847.9 2239.07 2464.23 4168.1
0.000509623451253 4 847.9 2239.07 3090.63 3545.92
0.000202676779664 4 847.9 2393.7 2967.05 3509.86
0.000157984651863 4 847.9 2393.7 3073.95 3403.55
0.000145222427566 4 847.9 2393.7 3090.63 3382.81
0.000218987648507 4 847.9 2464.23 3026.05 3382.81
0.00031626899999 4 847.9 2601.91 3090.63 3177.93
0.000172082077239 4 847.9 2619.57 2674.49 3576.08
0.000163134766847 4 847.9 2619.57 3073.95 3177.93
0.000571550687586 3 847.9 3073.95 5794.3
6.36849708781e-05 5 890.41 944.57 989.08 3177.93 3719.84
0.00147178858235 4 890.41 944.57 989.08 6890.16
0.00705735187875 4 890.41 944.57 1241.36 6645.64
0.000287588325178 5 890.41 944.57 1784.69 2239.07 3863.64
2.61538544358e-05 5 890.41 944.57 1784.69 2558.45 3545.92
0.000105337520734 5 890.41 944.57 2101.43 2239.07 3545.92
0.000120350346601 5 890.41 944.57 2239.07 2259.22 3382.81
0.000198497304717 5 890.41 944.57 2239.07 2464.23 3177.93
0.000129407553484 5 890.41 944.57 2239.07 2558.45 3090.63
6.20490225466e-05 5 890.41 944.57 2239.07 2619.57 3026.05
0.000223688647745 5 890.41 944.57 2239.07 2674.49 2967.05
0.000200849623787 4 890.41 944.57 3393.35 4494.0
0.000494028201508 4 890.41 944.57 3719.84 4168.1
6.89162292958e-05 5 890.41 946.8 989.08 3177.93 3719.84
0.00147701984077 4 890.41 946.8 989.08 6890.16
0.000110568779152 5 890.41 946.8 2101.43 2239.07 3545.92
0.000125581605018 5 890.41 946.8 2239.07 2259.22 3382.81
0.000203728563135 5 890.41 946.8 2239.07 2464.23 3177.93
6.72802809643e-05 5 890.41 946.8 2239.07 2619.57 3026.05
0.000228919906163 5 890.41 946.8 2239.07 2674.49 2967.05
9.29618694674e-05 5 890.41 989.08 1435.49 2239.07 4168.1
5.95622045225e-06 5 890.41 989.08 1784.69 2674.49 3382.81
0.00035560783996 4 890.41 989.08 2967.05 4872.27
0.000136088689819 4 890.41 989.08 3090.63 4751.83
0.00022031227175 4 890.41 989.08 3382.81 4459.28
0.000147214904532 4 890.41 989.08 3403.55 4433.43
5.10273740253e-06 5 890.41 1100.38 1241.36 1619.17 4872.27
0.000145880679855 5 890.41 1100.38 1619.17 2393.7 3719.84
5.13856245106e-05 5 890.41 1100.38 1784.69 2393.7 3545.92
8.23087988793e-05 5 890.41 1100.38 1784.69 2558.45 3382.81
5.06270247268e-05 5 890.41 1100.38 1994.56 2558.45 3177.93
0.000154639323559 5 890.41 1100.38 2239.07 2393.7 3090.63
0.000228404544501 5 890.41 1100.38 2239.07 2464.23 3026.05
0.00023714242664 4 890.41 1100.38 2393.7 5339.27
0.000281264424411 4 890.41 1100.38 3292.11 4433.43
3.60440189282e-05 5 890.41 1241.36 1340.81 1784.69 4459.28
1.50379965962e-05 5 890.41 1241.36 1784.69 2259.22 3545.92
0.000122733629012 5 890.41 1241.36 1798.22 2239.07 3545.92
0.000209455349984 4 890.41 1241.36 1798.22 5792.2
9.39919075338e-05 5 890.41 1241.36 1804.0 2239.07 3545.92
0.000118291695645 5 890.41 1241.36 2239.07 2259.22 3090.63
0.000148551397309 4 890.41 1241.36 3090.63 4494.0
0.000434981739769 4 890.41 1241.36 3719.84 3863.64
6.81865271152e-05 5 890.41 1340.81 1784.69 2674.49 3026.05
0.000748238468782 4 890.41 1340.81 1784.69 5707.09
0.000222153646324 4 890.41 1340.81 2464.23 5021.29
0.000261395493466 4 890.41 1340.81 2619.57 4872.27
0.000282542578413 4 890.41 1340.81 3026.05 4459.28
0.000231874828781 4 890.41 1435.49 2946.36 4451.47
0.000250060243897 4 890.41 1435.49 2967.05 4425.63
0.000288967542426 4 890.41 1619.17 2674.49 4530.38
0.000244699349546 4 890.41 1619.17 3073.95 4133.15
0.000127756628061 5 890.41 1784.69 1994.56 2101.43 2946.36
0.000361758413385 4 890.41 1784.69 2619.57 4425.63
0.000455022239318 4 890.41 1784.69 3177.93 3863.64
0.000308153213932 4 890.41 1798.22 2601.91 4425.63
0.000294136743144 4 890.41 1798.22 2601.91 4433.43
0.000279411492454 4 890.41 1804.0 2601.91 4425.63
0.000409856571083 4 890.41 1994.56 2601.91 4229.9
0.000316731666921 4 890.41 1994.56 2967.05 3863.64
0.000336853125796 4 890.41 1994.56 3292.11 3545.92
0.000273389324598 4 890.41 2101.43 2558.45 4168.1
0.000272771434875 4 890.41 2101.43 3177.93 3545.92
0.000276731073077 4 890.41 2259.22 2674.49 3898.51
0.000261536556081 4 890.41 2259.22 3026.05 3545.92
0.000338023836263 4 890.41 2259.22 3177.93 3393.35
0.000309561996135 4 890.41 2464.23 2967.05 3393.35
0.000235500492102 4 890.41 2464.23 3073.95 3292.11
0.000296841467625 4 890.41 2558.45 3090.63 3177.93
0.000956127968466 3 890.41 2967.05 5858.98
9.17711079249e-05 5 944.57 946.8 1435.49 2674.49 3719.84
1.53604770602e-05 5 944.57 946.8 1619.17 1784.69 4425.63
1.60056516235e-07 5 944.57 946.8 1784.69 2967.05 3073.95
0.000171348315476 5 944.57 946.8 2239.07 2558.45 3026.05
7.82885573539e-05 5 944.57 946.8 2239.07 2619.57 2967.05
0.000161190725109 4 944.57 946.8 3073.95 4751.83
0.000209794291046 4 944.57 946.8 3393.35 4433.43
0.000186645581159 4 944.57 946.8 3403.55 4425.63
0.000164575312395 4 944.57 946.8 3898.51 3927.57
0.000104600487051 5 944.57 989.08 1100.38 2967.05 3719.84
0.000110916054973 5 944.57 989.08 1619.17 2239.07 3927.57
2.12213290838e-05 5 944.57 989.08 1784.69 2601.91 3403.55
0.101223480948 4 944.57 989.08 1784.69 5999.95
6.99871645177e-06 5 944.57 989.08 1804.0 2259.22 3719.84
0.000256541332319 4 944.57 989.08 1994.56 5792.2
0.000232059018229 4 944.57 989.08 1994.56 5794.3
0.000124375421181 5 944.57 989.08 2239.07 2259.22 3292.11
0.000188258105323 5 944.57 989.08 2239.07 2601.91 2946.36
0.000154635122845 4 944.57 989.08 3292.11 4494.0
3.18540579728e-05 5 944.57 1100.38 1435.49 1784.69 4451.47
0.000116191845544 5 944.57 1100.38 1784.69 1994.56 3898.51
0.000155270848963 5 944.57 1100.38 1784.69 2601.91 3292.11
0.000267874661018 5 944.57 1100.38 2239.07 2259.22 3177.93
0.000239412820891 5 944.57 1100.38 2239.07 2464.23 2967.05
0.000298134362682 4 944.57 1100.38 3177.93 4494.0
0.000249510503335 4 944.57 1100.38 3509.86 4168.1
0.000280058930576 4 944.57 1100.38 3545.92 4133.15
3.52224641848e-05 5 944.57 1241.36 1619.17 1784.69 4133.15
0.000292319462334 5 944.57 1241.36 1784.69 2239.07 3509.86
2.37683463684e-05 5 944.57 1241.36 1784.69 2674.49 3073.95
0.000101896847206 5 944.57 1241.36 2239.07 2619.57 2674.49
0.000238124397666 4 944.57 1241.36 3073.95 4459.28
0.000206507568283 4 944.57 1241.36 3403.55 4133.15
0.0018063242935 4 944.57 1340.81 1435.49 5999.95
0.000114030982089 5 944.57 1340.81 1619.17 2239.07 3576.08
2.60960778828e-05 5 944.57 1340.81 1784.69 2259.22 3393.35
0.000133791710298 5 944.57 1340.81 1798.22 2239.07 3393.35
0.000111503075078 4 944.57 1340.81 1798.22 5636.9
0.00010504998882 5 944.57 1340.81 1804.0 2239.07 3393.35
6.4097375543e-05 5 944.57 1340.81 2101.43 2239.07 3090.63
0.000365463527978 4 944.57 1340.81 2558.45 4872.27
0.000154552439541 4 944.57 1340.81 3509.86 3927.57
2.83178298064e-05 5 944.57 1435.49 1784.69 2259.22 3292.11
0.000107271740744 5 944.57 1435.49 1804.0 2239.07 3292.11
0.000353271375561 4 944.57 1435.49 2464.23 4872.27
1.745664465e-05 5 944.57 1619.17 1784.69 1798.22 3576.08
3.34290989864e-05 5 944.57 1619.17 1994.56 2558.45 2601.91
0.00028172102367 4 944.57 1619.17 3026.05 4133.15
0.000218524732798 4 944.57 1619.17 3292.11 3863.64
0.000344774508991 5 944.57 1784.69 1804.0 2239.07 2946.36
0.000171842083166 5 944.57 1784.69 1994.56 2393.7 2601.91
0.000758823844822 4 944.57 1784.69 2239.07 4751.83
0.000417872929676 4 944.57 1784.69 2464.23 4530.38
0.000451809977109 4 944.57 1784.69 2558.45 4433.43
0.000362406288442 4 944.57 1784.69 3090.63 3898.51
0.000348072856837 4 944.57 1798.22 2101.43 4872.27
0.000155666855846 4 944.57 1798.22 3073.95 3898.51
0.000188741748749 4 944.57 1798.22 3403.55 3576.08
0.000319331135359 4 944.57 1804.0 2101.43 4872.27
0.000126925134368 4 944.57 1804.0 3073.95 3898.51
0.000197165207946 4 944.57 1804.0 3393.35 3576.08
0.000316306678457 4 944.57 1994.56 3382.81 3393.35
0.000530993643407 4 944.57 2101.43 2239.07 4433.43
0.000205610086903 4 944.57 2101.43 3292.11 3382.81
0.000573934709322 4 944.57 2239.07 2674.49 3863.64
0.000538818021819 4 944.57 2239.07 3026.05 3509.86
0.000126099724268 4 944.57 2259.22 2619.57 3898.51
0.000272544832471 4 944.57 2259.22 2967.05 3545.92
0.000198756945284 4 944.57 2393.7 3090.63 3292.11
0.00031250023858 4 944.57 2558.45 2674.49 3545.92
0.000270266905853 4 944.57 2674.49 3026.05 3073.95
0.000742956107175 3 944.57 3898.51 4872.27
0.000814055941244 3 944.57 3927.57 4847.54
0.000109831745469 5 946.8 989.08 1100.38 2967.05 3719.84
0.00011614731339 5 946.8 989.08 1619.17 2239.07 3927.57
6.36177681768e-05 5 946.8 989.08 1784.69 2601.91 3393.35
0.0020174660679 4 946.8 989.08 1784.69 5999.95
1.22299748695e-05 5 946.8 989.08 1804.0 2259.22 3719.84
0.000175050869765 5 946.8 989.08 1994.56 2239.07 3545.92
0.000261772590737 4 946.8 989.08 1994.56 5792.2
0.00019348936374 5 946.8 989.08 2239.07 2601.91 2946.36
0.000159866381263 4 946.8 989.08 3292.11 4494.0
0.000621736256443 4 946.8 1100.38 1340.81 6326.41
3.70853163905e-05 5 946.8 1100.38 1435.49 1784.69 4451.47
0.000273105919436 5 946.8 1100.38 2239.07 2259.22 3177.93
0.000244644079308 5 946.8 1100.38 2239.07 2464.23 2967.05
0.0003033656211 4 946.8 1100.38 3177.93 4494.0
0.000297550720752 5 946.8 1241.36 1784.69 2239.07 3509.86
2.89996047862e-05 5 946.8 1241.36 1784.69 2674.49 3073.95
0.000107128105624 5 946.8 1241.36 2239.07 2619.57 2674.49
0.000243355656084 4 946.8 1241.36 3073.95 4459.28
0.000248904007376 4 946.8 1241.36 3393.35 4133.15
0.00181155555192 4 946.8 1340.81 1435.49 5999.95
0.000119262240507 5 946.8 1340.81 1619.17 2239.07 3576.08
0.000308285050087 5 946.8 1340.81 1784.69 2239.07 3403.55
5.92347188951e-05 5 946.8 1340.81 1784.69 2464.23 3177.93
0.000139022968716 5 946.8 1340.81 1798.22 2239.07 3393.35
0.000116734333496 4 946.8 1340.81 1798.22 5636.9
0.000110281247238 5 946.8 1340.81 1804.0 2239.07 3393.35
6.93286339607e-05 5 946.8 1340.81 2101.43 2239.07 3090.63
0.000370694786395 4 946.8 1340.81 2558.45 4872.27
0.000173488333734 5 946.8 1435.49 1619.17 1994.56 3719.84
3.35490882241e-05 5 946.8 1435.49 1784.69 2259.22 3292.11
9.74317723653e-05 5 946.8 1435.49 1784.69 2601.91 2946.36
0.000112502999162 5 946.8 1435.49 1804.0 2239.07 3292.11
0.000264750080519 4 946.8 1435.49 1994.56 5339.27
0.000358502633979 4 946.8 1435.49 2464.23 4872.27
3.86603574041e-05 5 946.8 1619.17 1994.56 2558.45 2601.91
0.000143567452035 4 946.8 1619.17 2619.57 4530.38
0.000223755991216 4 946.8 1619.17 3292.11 3863.64
0.000378747488887 5 946.8 1784.69 1798.22 2239.07 2946.36
0.000350005767409 5 946.8 1784.69 1804.0 2239.07 2946.36
0.000177073341583 5 946.8 1784.69 1994.56 2393.7 2601.91
0.000764055103239 4 946.8 1784.69 2239.07 4751.83
0.000471057706314 4 946.8 1784.69 2558.45 4425.63
0.000457041235526 4 946.8 1784.69 2558.45 4433.43
0.00036763754686 4 946.8 1784.69 3090.63 3898.51
0.000353304115255 4 946.8 1798.22 2101.43 4872.27
0.000160898114264 4 946.8 1798.22 3073.95 3898.51
0.000231138187842 4 946.8 1798.22 3393.35 3576.08
0.000132156392786 4 946.8 1804.0 3073.95 3898.51
0.000202396466364 4 946.8 1804.0 3393.35 3576.08
0.000321537936875 4 946.8 1994.56 3382.81 3393.35
0.000536224901825 4 946.8 2101.43 2239.07 4433.43
0.000508744795201 4 946.8 2101.43 2946.36 3719.84
0.000161443853086 4 946.8 2101.43 3090.63 3576.08
0.00021084134532 4 946.8 2101.43 3292.11 3382.81
0.000640781518148 4 946.8 2239.07 2601.91 3927.57
0.00057916596774 4 946.8 2239.07 2674.49 3863.64
0.000544049280237 4 946.8 2239.07 3026.05 3509.86
0.000131330982686 4 946.8 2259.22 2619.57 3898.51
0.000277776090888 4 946.8 2259.22 2967.05 3545.92
0.000203988203702 4 946.8 2393.7 3090.63 3292.11
0.000215854176271 4 946.8 2601.91 2619.57 3545.92
0.000275498164271 4 946.8 2674.49 3026.05 3073.95
0.000748187365593 3 946.8 3898.51 4872.27
0.000819287199662 3 946.8 3927.57 4847.54
6.44284548954e-05 5 989.08 1100.38 1619.17 1784.69 4229.9
2.1680393598e-05 5 989.08 1100.38 1784.69 2464.23 3382.81
4.8140835029e-05 5 989.08 1100.38 1804.0 2101.43 3719.84
0.000276214131313 5 989.08 1100.38 1994.56 2239.07 3393.35
0.000253925496093 4 989.08 1100.38 1994.56 5636.9
0.000165517539759 5 989.08 1100.38 2101.43 2239.07 3292.11
0.000295345563488 4 989.08 1100.38 3177.93 4451.47
0.000235713558994 4 989.08 1100.38 3403.55 4229.9
4.06070730702e-05 5 989.08 1241.36 1784.69 2674.49 3026.05
0.000720659014737 4 989.08 1241.36 1784.69 5707.09
0.000194574192279 4 989.08 1241.36 2464.23 5021.29
0.000233816039421 4 989.08 1241.36 2619.57 4872.27
0.000254963124368 4 989.08 1241.36 3026.05 4459.28
0.000201623991032 4 989.08 1340.81 2967.05 4425.63
0.000161031597471 4 989.08 1435.49 3393.35 3898.51
0.000422723725088 4 989.08 1435.49 3576.08 3719.84
0.000313978289437 5 989.08 1619.17 1784.69 2239.07 3090.63
0.000107238856841 5 989.08 1619.17 1798.22 2239.07 3073.95
0.00069452810817 4 989.08 1619.17 2239.07 4872.27
0.000408999469371 4 989.08 1619.17 2259.22 4847.54
0.000107931426927 4 989.08 1619.17 2619.57 4494.0
0.000262276184577 4 989.08 1619.17 2674.49 4433.43
0.000261401045335 4 989.08 1619.17 2946.36 4168.1
0.000513669930507 4 989.08 1619.17 3393.35 3719.84
2.74169241426e-05 5 989.08 1784.69 1804.0 2464.23 2674.49
0.000102905107662 5 989.08 1784.69 1994.56 2393.7 2558.45
0.000384817120538 5 989.08 1784.69 2101.43 2239.07 2601.91
0.000563322802052 4 989.08 1784.69 2101.43 4847.54
0.000382009694487 4 989.08 1784.69 3403.55 3545.92
0.000162508037594 4 989.08 1798.22 3382.81 3545.92
0.000125465281362 4 989.08 1804.0 2393.7 4530.38
0.00024177297544 4 989.08 1804.0 2464.23 4459.28
0.00014376386107 4 989.08 1804.0 3026.05 3898.51
0.000133766316116 4 989.08 1804.0 3382.81 3545.92
0.000182088773961 5 989.08 1994.56 2101.43 2239.07 2393.7
0.000591762325178 4 989.08 1994.56 2239.07 4494.0
0.00038033244181 4 989.08 1994.56 2601.91 4133.15
0.000212760919317 4 989.08 2101.43 2464.23 4168.1
0.000558167231871 4 989.08 2239.07 2259.22 4229.9
0.000566613284227 4 989.08 2239.07 2558.45 3927.57
0.000549046470726 4 989.08 2239.07 2946.36 3545.92
0.000485263393536 4 989.08 2239.07 3090.63 3403.55
0.000207993509199 4 989.08 2259.22 3073.95 3393.35
0.000158066104227 4 989.08 2259.22 3090.63 3382.81
0.000291809335322 4 989.08 2259.22 3177.93 3292.11
0.000374593981873 4 989.08 2393.7 2619.57 3719.84
0.00023488502256 4 989.08 2393.7 2946.36 3393.35
0.000236213062343 4 989.08 2464.23 3090.63 3177.93
0.000153598541708 4 989.08 2601.91 2619.57 3509.86
0.000355692019463 4 989.08 2601.91 2946.36 3177.93
0.000261404405371 4 989.08 2674.49 2967.05 3090.63
0.000967157574221 3 989.08 3026.05 5707.09
0.00050013993899 3 989.08 3090.63 5636.9
0.000604931677292 3 989.08 3393.35 5339.27
0.00026825236916 5 1100.38 1241.36 2239.07 2464.23 2674.49
0.000285277222631 4 1100.38 1241.36 2946.36 4433.43
0.000190464041597 4 1100.38 1241.36 3509.86 3863.64
6.723819646e-05 5 1100.38 1340.81 1784.69 2101.43 3393.35
8.39107002609e-05 5 1100.38 1340.81 1784.69 2464.23 3026.05
0.000291531002625 4 1100.38 1340.81 2259.22 5021.29
0.00020545460923 4 1100.38 1340.81 3382.81 3898.51
0.000142991359263 5 1100.38 1435.49 1784.69 1994.56 3403.55
0.000310028135501 5 1100.38 1435.49 1994.56 2239.07 2946.36
0.000206935240667 4 1100.38 1435.49 2101.43 5086.36
0.000278184700078 5 1100.38 1619.17 1798.22 2239.07 2967.05
0.000304691715572 4 1100.38 1619.17 2464.23 4530.38
0.000291418482195 4 1100.38 1619.17 3073.95 3927.57
0.000592398051296 5 1100.38 1784.69 1994.56 2239.07 2601.91
0.000589062659653 4 1100.38 1784.69 2601.91 4229.9
0.000495937755491 4 1100.38 1784.69 2967.05 3863.64
0.000516059214366 4 1100.38 1784.69 3292.11 3545.92
0.000273910576123 4 1100.38 1798.22 1804.0 5021.29
0.000284630955925 4 1100.38 1798.22 2393.7 4425.63
0.000255889234447 4 1100.38 1804.0 2393.7 4425.63
0.000242919088254 4 1100.38 1804.0 2946.36 3863.64
0.000501936208685 4 1100.38 1804.0 3090.63 3719.84
0.000386334313076 4 1100.38 1994.56 2393.7 4229.9
0.000350322038569 4 1100.38 1994.56 3073.95 3545.92
0.000167241842845 4 1100.38 2101.43 2619.57 3898.51
0.000313686951048 4 1100.38 2101.43 2967.05 3545.92
0.000619312913415 4 1100.38 2239.07 3090.63 3292.11
0.000292455246222 4 1100.38 2259.22 2464.23 3898.51
0.000378939352436 4 1100.38 2259.22 2967.05 3393.35
0.000337732008655 4 1100.38 2393.7 2674.49 3545.92
0.000368655183024 4 1100.38 2558.45 2674.49 3382.81
0.000337756983798 4 1100.38 2558.45 2967.05 3090.63
0.000317017437819 4 1100.38 2601.91 2619.57 3393.35
0.000368760532545 4 1100.38 2601.91 2946.36 3073.95
0.00227086573754 3 1100.38 2619.57 5999.95
0.000656968424084 3 1100.38 3863.64 4751.83
0.000725688794118 3 1100.38 4168.1 4451.47
7.27348401162e-05 5 1241.36 1340.81 1619.17 1798.22 3719.84
0.000163996586901 4 1241.36 1340.81 1798.22 5339.27
5.27517623424e-05 5 1241.36 1340.81 1804.0 2239.07 3090.63
0.000245329140147 4 1241.36 1340.81 2601.91 4530.38
0.000322390403072 4 1241.36 1340.81 2674.49 4459.28
0.000253193185478 4 1241.36 1340.81 2967.05 4168.1
0.000128268443358 4 1241.36 1435.49 2619.57 4425.63
0.000221532269291 4 1241.36 1435.49 3177.93 3863.64
2.23132411468e-05 5 1241.36 1619.17 1994.56 2259.22 2601.91
0.000176636573828 5 1241.36 1784.69 1994.56 2101.43 2601.91
0.000463150809074 5 1241.36 1784.69 1994.56 2239.07 2464.23
0.000768497753117 4 1241.36 1784.69 2239.07 4451.47
0.000440694119269 4 1241.36 1784.69 2259.22 4433.43
0.000459815417431 4 1241.36 1784.69 2464.23 4229.9
0.000490919693439 4 1241.36 1784.69 2558.45 4133.15
0.000442507852074 4 1241.36 1784.69 3292.11 3403.55
0.000336727243637 4 1241.36 1798.22 1804.0 4872.27
0.00022300619518 4 1241.36 1798.22 3292.11 3382.81
0.000519648030207 4 1241.36 1804.0 2239.07 4433.43
0.000194264473702 4 1241.36 1804.0 3292.11 3382.81
0.000358432737517 4 1241.36 1994.56 2558.45 3927.57
0.000194939866382 4 1241.36 1994.56 2619.57 3863.64
0.000314248027501 4 1241.36 1994.56 3090.63 3393.35
0.000570103359738 4 1241.36 2101.43 2239.07 4133.15
0.000609544628312 4 1241.36 2239.07 2946.36 3292.11
0.00030138438074 4 1241.36 2259.22 2674.49 3545.92
0.000187770195597 4 1241.36 2464.23 2619.57 3393.35
0.000834336167927 3 1241.36 2619.57 5858.98
0.000617148325032 3 1241.36 3393.35 5086.36
9.97229382573e-05 5 1340.81 1435.49 1784.69 2558.45 2601.91
0.000178906604556 5 1340.81 1435.49 2101.43 2239.07 2601.91
0.00021326435918 4 1340.81 1435.49 3393.35 3545.92
9.27753396648e-05 5 1340.81 1619.17 1784.69 1798.22 3177.93
0.000381038654779 5 1340.81 1784.69 1798.22 2239.07 2558.45
0.000382786390325 4 1340.81 1784.69 2101.43 4494.0
0.000457870742203 4 1340.81 1784.69 2464.23 4133.15
0.000150875241409 4 1340.81 1798.22 3073.95 3509.86
0.000264060443764 4 1340.81 1798.22 3177.93 3403.55
0.000211191139774 4 1340.81 1804.0 2674.49 3898.51
0.000195996622779 4 1340.81 1804.0 3026.05 3545.92
0.000272483902961 4 1340.81 1804.0 3177.93 3393.35
0.000295612980605 4 1340.81 1994.56 3090.63 3292.11
0.000511035961093 4 1340.81 2101.43 2558.45 3719.84
0.000569728211343 4 1340.81 2239.07 2558.45 3576.08
0.00022029641089 4 1340.81 2259.22 3026.05 3090.63
0.000261104846851 4 1340.81 2393.7 2601.91 3382.81
0.0001691351487 4 1340.81 2464.23 2619.57 3292.11
0.000294939747459 4 1340.81 2464.23 2946.36 2967.05
0.00103458485293 3 1340.81 2674.49 5707.09
0.000598513278136 3 1340.81 3292.11 5086.36
0.000738164492739 3 1340.81 3509.86 4872.27
0.000630730730323 3 1340.81 3927.57 4451.47
6.05680448257e-05 5 1435.49 1619.17 1804.0 2239.07 2619.57
0.000588980512107 4 1435.49 1619.17 2239.07 4425.63
0.000547483934695 4 1435.49 1619.17 2946.36 3719.84
0.00020018299258 4 1435.49 1619.17 3090.63 3576.08
8.23322671166e-05 5 1435.49 1784.69 1798.22 2101.43 2601.91
0.000368846502363 5 1435.49 1784.69 1798.22 2239.07 2464.23
0.000477215517455 4 1435.49 1784.69 2601.91 3898.51
0.000389205802161 4 1435.49 1784.69 3090.63 3403.55
0.000289277471757 4 1435.49 1798.22 1994.56 4494.0
0.00025568237845 4 1435.49 1798.22 2259.22 4229.9
0.000264128430805 4 1435.49 1798.22 2558.45 3927.57
0.000100635559671 4 1435.49 1798.22 2619.57 3863.64
0.000219943720789 4 1435.49 1798.22 3090.63 3393.35
7.18938381926e-05 4 1435.49 1804.0 2619.57 3863.64
0.000198416775888 4 1435.49 1804.0 2967.05 3509.86
0.000153724648087 4 1435.49 1804.0 3073.95 3403.55
0.000191201999311 4 1435.49 1804.0 3090.63 3393.35
0.000274487170878 4 1435.49 1994.56 2393.7 3898.51
0.000235616464688 4 1435.49 2101.43 2259.22 3927.57
0.000498843808677 4 1435.49 2101.43 2464.23 3719.84
0.000271021823681 4 1435.49 2101.43 2601.91 3576.08
0.000238601937358 4 1435.49 2101.43 2674.49 3509.86
0.000557536058927 4 1435.49 2239.07 2464.23 3576.08
0.000573780091563 4 1435.49 2239.07 2967.05 3073.95
0.000152899237987 4 1435.49 2259.22 2619.57 3403.55
0.000241807513388 4 1435.49 2259.22 2946.36 3073.95
0.000313566174297 4 1435.49 2393.7 2601.91 3292.11
0.00063874568148 3 1435.49 2946.36 5339.27
0.00051772130746 4 1619.17 1784.69 3026.05 3292.11
0.000180582929479 5 1619.17 1798.22 1804.0 2239.07 2259.22
0.000210842631142 4 1619.17 1798.22 1804.0 4494.0
0.000196052330263 4 1619.17 1804.0 2393.7 3898.51
0.000655651935132 4 1619.17 1994.56 2239.07 3863.64
0.00039421746439 4 1619.17 1994.56 2558.45 3545.92
0.0003619680291 4 1619.17 2101.43 2601.91 3393.35
0.000158906390984 4 1619.17 2101.43 2619.57 3382.81
0.00231581632882 3 1619.17 2101.43 5999.95
0.000648482264346 4 1619.17 2239.07 2464.23 3393.35
0.00129504823668 3 1619.17 2239.07 5858.98
0.000152053249366 4 1619.17 2393.7 2619.57 3090.63
0.00101944604341 3 1619.17 2393.7 5707.09
0.000292864830696 4 1619.17 2464.23 2558.45 3073.95
0.000626193629125 3 1619.17 2464.23 5636.9
0.00070123273144 3 1619.17 2601.91 5501.78
0.000669433166296 3 1619.17 3073.95 5021.29
0.000708693199742 3 1619.17 3927.57 4168.1
0.000758531233976 4 1784.69 1798.22 2239.07 3898.51
0.000473153873904 4 1784.69 1798.22 2558.45 3576.08
0.000536848845478 4 1784.69 1804.0 1994.56 4133.15
0.000444412152426 4 1784.69 1804.0 2558.45 3576.08
0.000310114945376 4 1784.69 1804.0 2619.57 3509.86
0.000532630448569 4 1784.69 1994.56 2393.7 3545.92
0.000563553622937 4 1784.69 1994.56 2558.45 3382.81
0.000444641907787 4 1784.69 2101.43 2259.22 3576.08
0.000838612494194 4 1784.69 2239.07 2601.91 3090.63
0.000685478261052 4 1784.69 2239.07 2619.57 3073.95
0.000524177429183 4 1784.69 2259.22 2601.91 3073.95
0.000431277814875 4 1784.69 2393.7 2464.23 3073.95
0.00101711817571 3 1784.69 3090.63 4847.54
0.000926257758962 3 1784.69 3177.93 4751.83
0.000834357175009 3 1784.69 3403.55 4530.38
0.000838527412658 3 1784.69 3509.86 4425.63
0.000477505186089 4 1798.22 1804.0 2393.7 3719.84
0.000202675984388 4 1798.22 1804.0 3026.05 3090.63
0.000552337540203 4 1798.22 2101.43 2239.07 3576.08
0.000594881890818 4 1798.22 2239.07 2393.7 3292.11
0.000313325961201 4 1798.22 2393.7 2558.45 2967.05
0.000810378743113 3 1798.22 3073.95 4847.54
0.000665095093638 3 1798.22 3393.35 4530.38
0.000523595818725 4 1804.0 2101.43 2239.07 3576.08
0.00060313134012 4 1804.0 2239.07 2601.91 3073.95
0.000284584239723 4 1804.0 2393.7 2558.45 2967.05
0.000586113796637 3 1804.0 3382.81 4530.38
0.000642737289236 4 1994.56 2101.43 2239.07 3382.81
0.000423135133313 4 1994.56 2101.43 2601.91 3026.05
0.000414103012205 4 1994.56 2101.43 2674.49 2946.36
0.000635884147617 4 1994.56 2239.07 2393.7 3090.63
0.000709649368559 4 1994.56 2239.07 2464.23 3026.05
0.000321449082606 4 1994.56 2259.22 2393.7 3073.95
0.000762509248469 3 1994.56 3292.11 4433.43
0.000284813995084 4 2101.43 2259.22 2393.7 2967.05
0.000222892080467 4 2101.43 2393.7 2601.91 2619.57
0.000595400758882 3 2101.43 3090.63 4530.38
0.000639401897592 3 2101.43 3382.81 4229.9
0.000888528540291 3 2101.43 3719.84 3898.51
0.00060230593002 4 2239.07 2259.22 2601.91 2619.57
0.000509406315713 4 2239.07 2393.7 2464.23 2619.57
0.000938784445148 3 2239.07 2393.7 5086.36
0.00100139395125 3 2239.07 2946.36 4530.38
0.0010149963126 3 2239.07 3026.05 4451.47
0.000348105483844 4 2259.22 2393.7 2464.23 2601.91
0.000694487546302 3 2259.22 2967.05 4494.0
0.000687192678754 3 2259.22 3026.05 4433.43
0.000722152565951 3 2259.22 3292.11 4168.1
0.000632548755974 3 2393.7 3090.63 4229.9
0.000682177176968 3 2393.7 3393.35 3927.57
0.000706313976915 3 2464.23 3026.05 4229.9
0.000666556292973 3 2464.23 3090.63 4168.1
0.000659808057713 3 2464.23 3393.35 3863.64
0.000737418252924 3 2558.45 3026.05 4133.15
0.000674221962053 3 2558.45 3292.11 3863.64
0.000632565631684 3 2601.91 2619.57 4494.0
0.000786035250092 3 2601.91 2946.36 4168.1
0.00103830413526 3 2601.91 3393.35 3719.84
0.000717621089664 3 2601.91 3545.92 3576.08
0.000648104797529 3 2619.57 2674.49 4425.63
0.000644358494802 3 2619.57 2967.05 4133.15
0.000835242497148 3 2619.57 3382.81 3719.84
0.246606122458 2 2619.57 7100.11
0.000741368623462 3 2674.49 3177.93 3863.64
0.000695533537836 3 2946.36 3382.81 3393.35
0.000747489384887 3 2967.05 3177.93 3576.08
0.000689006411558 3 3026.05 3292.11 3403.55
0.00792727967674 2 3073.95 6645.64
0.00149159893014 2 3393.35 6326.41
0.00299215243499 2 3719.84 5999.95
0.00130637403004 2 3863.64 5858.98
0.00108306034611 2 3927.57 5792.2
0.00105857803202 2 3927.57 5794.3
0.00139766799444 2 4847.54 4872.27
0.632098931575 1 9718.79
