# Neutron capture gammas for Fe-54 generated by sums.py from data obtained from
# NNDC capture gamma tables at http://www.nndc.bnl.gov/capgam/indexbyn.html
#
# Number of gammas in a decay chain limited to 5
#
# First column lists probability for decay scheme; second column lists number of gammas
# in decay scheme; gamma energies (in keV) are then listed separated by a space.
#
0.641430038208 1 9297.8
0.119305987107 2 412.0 8886.4
0.00513144030566 4 412.0 2470.0 4495.0 1918.0
0.00439441034784 4 412.0 2470.0 3380.0 3040.0
0.0143726637795 3 412.0 6268.9 2618.0
0.0023736607099 5 412.0 3028.0 931.0 1918.0 3005.0
0.00624596571443 5 412.0 3028.0 2670.0 1872.0 1315.0
0.00809001573941 5 412.0 4589.6 931.0 2052.0 1315.0
0.00181115089806 4 412.0 4589.6 2791.0 1506.0
0.00794630814659 3 412.0 5507.5 3380.0
0.00227580161341 4 412.0 5507.5 1872.0 1506.0
0.00313690433776 4 412.0 5745.4 1638.0 1506.0
0.00661945279555 5 412.0 931.0 1918.0 1506.0 4535.0
0.00366678794443 4 412.0 1918.0 3005.0 3960.0
0.00307568940756 4 412.0 2052.0 3792.0 3040.0
0.000892824150335 4 412.0 2052.0 2873.0 3960.0
0.009448829237 3 412.0 7246.3 1638.0
0.00518106457388 3 412.0 4707.0 4180.0
0.00553720872659 4 412.0 1638.0 4455.0 2791.0
0.000706260545288 5 412.0 4455.0 1240.0 1872.0 1315.0
0.00110272534805 4 412.0 3005.0 1872.0 4012.0
0.00186951942089 4 2470.0 3028.0 931.0 2873.0
0.000420064105345 4 2470.0 1918.0 1872.0 3040.0
0.0179600410698 2 2470.0 6826.8
0.00534551191265 3 2470.0 3792.0 3040.0
0.00316264665542 3 2470.0 2873.0 3960.0
0.000836834621977 4 2470.0 1315.0 1506.0 4012.0
0.0275814916429 2 4495.0 4802.8
0.0164159780545 2 6268.9 3028.0
0.000103555482628 4 3028.0 1918.0 1315.0 3040.0
0.00350731118875 3 4589.6 1918.0 2791.0
0.0116072936639 2 4589.6 4707.0
0.00539842099435 3 2618.0 5745.4 931.0
0.00943203493015 3 2618.0 2670.0 4012.0
0.00397196190409 3 5507.5 1918.0 1872.0
0.0088974097114 2 5507.5 3792.0
0.00483306462845 3 5745.4 1918.0 1638.0
0.00844023133851 2 5745.4 3552.0
0.00326840024628 4 931.0 4455.0 2670.0 1240.0
0.00543501378587 4 931.0 2873.0 1315.0 4180.0
0.000263172407578 4 1918.0 2052.0 1315.0 4012.0
0.00111320654227 3 1918.0 4707.0 2670.0
0.00218529958697 4 1918.0 2873.0 3005.0 1506.0
0.00116879516445 2 1918.0 7385.0
0.00979407190924 2 2052.0 7246.3
0.00588245139883 3 2052.0 4455.0 2791.0
0.00177074234615 4 1638.0 3380.0 1240.0 3040.0
0.000244347488312 4 1638.0 3552.0 2873.0 1240.0
0.00311805831158 4 1638.0 3552.0 1315.0 2791.0
0.00364674791583 3 2670.0 5391.1 1240.0
0.00166739366396 4 3552.0 1240.0 3005.0 1506.0
0.00789899277191 2 5391.1 3906.0
0.00962145057312 4 1240.0 3508.0 1506.0 3040.0
