# Neutron capture gammas for N-14 generated by sums.py from data obtained from
# NNDC capture gamma tables at http://www.nndc.bnl.gov/capgam/indexbyn.html
#
# Number of gammas in a decay chain limited to 5
# Hand tuned.
#
# First column lists probability for decay scheme; second column lists number of gammas
# in decay scheme; gamma energies (in keV) are then listed separated by a space.
#
0.0159220169212 3 5269.16 1884.78 3677.74
0.00810995456469 4 5269.16 1884.78 1678.29 1999.68
0.00788109066333 4 5269.16 1884.78 1678.29 2002.3
0.00752347403432 4 5269.16 1884.78 1999.68 1681.23
0.0016040329254 5 5269.16 1884.78 1999.68 908.41 767.84
0.00167350969164 5 5269.16 1884.78 1999.68 908.41 770.4
0.00251667137555 5 5269.16 1884.78 1999.68 1073.02 608.3
0.00729461013296 4 5269.16 1884.78 1681.23 2002.3
0.00129961192034 5 5269.16 1884.78 1681.23 1610.79 383.0
0.00137516902404 5 5269.16 1884.78 2002.3 908.41 767.84
0.00144464579028 5 5269.16 1884.78 2002.3 908.41 770.4
0.00228780747419 5 5269.16 1884.78 2002.3 1073.02 608.3
0.00807678969074 4 5269.16 1884.78 3300.74 383.0
0.00226346091739 5 5269.16 1884.78 583.75 2261.83 831.22
0.0210797250942 2 5269.16 5562.06
0.0027580482019 5 5269.16 3531.98 1073.02 831.22 131.44
0.0144966817242 3 5269.16 3531.98 2030.8
0.00642547472601 4 5269.16 1678.29 1853.98 2030.8
0.0133174919479 3 5269.16 1678.29 3884.2
0.00653393038667 4 5269.16 1678.29 3300.74 583.75
0.000811780639106 5 5269.16 1678.29 583.75 1011.68 2293.15
0.000369270945429 5 5269.16 1678.29 1011.68 2261.83 608.3
0.0134406102992 3 5269.16 1678.29 3880.9
0.00117674401334 5 5269.16 2520.44 1999.68 908.41 131.44
0.00108526800354 5 5269.16 2520.44 1853.98 583.75 608.3
0.000947880111975 5 5269.16 2520.44 2002.3 908.41 131.44
0.00727186556889 4 5269.16 2520.44 1011.68 2030.8
0.000203921640075 5 5269.16 1999.68 1783.63 1011.68 767.84
0.000273398406315 5 5269.16 1999.68 1783.63 1011.68 770.4
0.00020136843743 5 5269.16 1999.68 767.84 2030.8 770.4
0.00583899419563 4 5269.16 1681.23 1853.98 2030.8
0.0127310114175 3 5269.16 1681.23 3884.2
0.0059474498563 4 5269.16 1681.23 3300.74 583.75
0.0128541297689 3 5269.16 1681.23 3880.9
0.000763358110625 5 5269.16 1853.98 583.75 831.22 2293.15
0.000832191536863 5 5269.16 1853.98 1073.02 2030.8 608.3
0.00716077946288 4 5269.16 3013.55 1783.63 767.84
0.00723025622912 4 5269.16 3013.55 1783.63 770.4
0.000264517928715 5 5269.16 3013.55 1011.68 767.84 770.4
0.00681157030859 4 5269.16 3884.2 908.41 767.84
0.00688104707483 4 5269.16 3884.2 908.41 770.4
0.00772420875874 4 5269.16 3884.2 1073.02 608.3
4.45345049537e-05 5 5269.16 2002.3 1783.63 1011.68 770.4
0.00127159730022 5 5269.16 1783.63 908.41 583.75 2293.15
0.000829087606542 5 5269.16 1783.63 908.41 2261.83 608.3
0.00087936491386 5 5269.16 1783.63 3269.2 131.44 383.0
2.80087473725e-05 5 5269.16 908.41 3300.74 583.75 767.84
9.74855136126e-05 5 5269.16 908.41 3300.74 583.75 770.4
0.00700416542619 4 5269.16 908.41 3880.9 770.4
0.0132341140375 3 5269.16 908.41 4654.1
0.000940647197525 5 5269.16 3300.74 583.75 1073.02 608.3
0.0126337287653 3 5269.16 3300.74 2261.83
0.00129225802985 5 5269.16 583.75 1073.02 1610.79 2293.15
0.00691157901777 4 5269.16 1011.68 2261.83 2293.15
0.0078473271101 4 5269.16 1073.02 3880.9 608.3
0.0131159138613 3 5269.16 3269.2 2293.15
0.0222772562992 2 5297.83 5533.39
0.00179777196483 5 5297.83 1884.78 583.75 2293.15 770.4
0.00132994583457 5 5297.83 1884.78 1011.68 2030.8 608.3
0.00740023185704 4 5297.83 1884.78 3269.2 383.0
0.0132631711849 3 5297.83 3677.74 1853.98
0.0135223158265 3 5297.83 3531.98 1999.68
0.0132934519252 3 5297.83 3531.98 2002.3
0.00122469313267 5 5297.83 3531.98 1011.68 608.3 383.0
0.00545110882831 4 5297.83 1678.29 1999.68 1853.98
0.0126473005572 3 5297.83 1678.29 3855.6
0.00522224492695 4 5297.83 1678.29 1853.98 2002.3
0.00585737255297 4 5297.83 1678.29 583.75 3269.2
0.0062974996712 4 5297.83 2520.44 1999.68 1011.68
0.013254357494 3 5297.83 2520.44 3013.55
0.00606863576984 4 5297.83 2520.44 2002.3 1011.68
0.00486462829794 4 5297.83 1999.68 1681.23 1853.98
0.00108682511501 5 5297.83 2830.8 1988.46 583.75 131.44
0.0120608200268 3 5297.83 1681.23 3855.6
0.00463576439658 4 5297.83 1681.23 1853.98 2002.3
0.0052708920226 4 5297.83 1681.23 583.75 3269.2
0.00614137891788 4 5297.83 3855.6 908.41 767.84
0.00621085568412 4 5297.83 3855.6 908.41 770.4
0.00705401736803 4 5297.83 3855.6 1073.02 608.3
0.00541794395436 4 5297.83 1853.98 3300.74 383.0
0.000791570816504 5 5297.83 3013.55 1783.63 131.44 608.3
0.0059637621408 4 5297.83 3013.55 908.41 1610.79
0.000442361662211 5 5297.83 3884.2 908.41 131.44 608.3
0.00063627253777 5 5297.83 1988.46 908.41 2030.8 608.3
0.000112854370598 5 5297.83 1783.63 908.41 583.75 2261.83
0.00111088817508 5 5297.83 1783.63 1073.02 2293.15 383.0
0.000264089363828 5 5297.83 583.75 1073.02 3269.2 608.3
0.00713109387416 4 5297.83 583.75 1073.02 3880.9
0.0119571709316 3 5297.83 2261.83 3269.2
0.000571675415941 5 5297.83 2030.8 831.22 2293.15 383.0
0.0127471682936 3 5297.83 1610.79 3923.9
0.00248446573915 5 5533.39 1884.78 1678.29 908.41 831.22
0.0032845146596 5 5533.39 1884.78 2520.44 767.84 131.44
0.0025689565423 5 5533.39 1884.78 1999.68 583.75 831.22
0.00908036864957 4 5533.39 1884.78 2830.8 583.75
0.00234009264094 5 5533.39 1884.78 2002.3 583.75 831.22
0.00243159820651 5 5533.39 1884.78 2261.83 767.84 383.0
0.00250107497275 5 5533.39 1884.78 2261.83 770.4 383.0
0.0026498400331 5 5533.39 3677.74 908.41 583.75 131.44
0.0084868289269 4 5533.39 3677.74 1011.68 608.3
0.000674766570348 5 5533.39 1678.29 1999.68 1011.68 608.3
0.00763162439316 4 5533.39 1678.29 3013.55 608.3
0.000445902668987 5 5533.39 1678.29 2002.3 1011.68 608.3
0.00108435445383 5 5533.39 1678.29 1783.63 1011.68 831.22
0.00155153724408 5 5533.39 1678.29 1783.63 1073.02 767.84
0.000932899232099 5 5533.39 1678.29 583.75 1011.68 2030.8
0.0022013164707 5 5533.39 2520.44 1783.63 608.3 383.0
0.00200430929445 5 5533.39 2520.44 2261.83 131.44 383.0
8.82860399742e-05 5 5533.39 1999.68 1681.23 1011.68 608.3
0.00113458323146 5 5533.39 1999.68 1783.63 908.41 608.3
0.000937576055212 5 5533.39 1999.68 908.41 2261.83 131.44
0.0129392243903 3 5533.39 1999.68 3300.74
0.00721707464269 4 5533.39 1999.68 1011.68 2293.15
0.00149722332566 5 5533.39 2830.8 1011.68 1073.02 383.0
0.00704514386278 4 5533.39 1681.23 3013.55 608.3
0.000371735138304 5 5533.39 1681.23 583.75 2261.83 770.4
0.00782253577073 4 5533.39 3855.6 831.22 608.3
0.00181305880891 5 5533.39 1853.98 1988.46 1073.02 383.0
0.000397480140506 5 5533.39 1853.98 2002.3 831.22 608.3
0.000884476703618 5 5533.39 1853.98 583.75 2030.8 831.22
0.000931495399746 5 5533.39 1853.98 767.84 2293.15 383.0
0.00100097216599 5 5533.39 1853.98 2293.15 770.4 383.0
0.00112570275386 5 5533.39 3013.55 908.41 767.84 608.3
0.0011951795201 5 5533.39 3013.55 908.41 608.3 770.4
0.0019426690412 5 5533.39 3013.55 1073.02 831.22 383.0
0.0077764939255 4 5533.39 3884.2 583.75 831.22
0.0009057193301 5 5533.39 2002.3 1783.63 908.41 608.3
0.000708712153851 5 5533.39 2002.3 908.41 2261.83 131.44
0.0127103604889 3 5533.39 2002.3 3300.74
0.00156483184457 5 5533.39 1783.63 1073.02 1610.79 831.22
0.00171129271517 5 5533.39 908.41 3880.9 131.44 383.0
0.000641601696394 5 5533.39 3300.74 1011.68 608.3 383.0
0.00141337662284 5 5533.39 583.75 1073.02 2030.8 1610.79
0.00789961227686 4 5533.39 583.75 3880.9 831.22
0.00703269761077 4 5533.39 1011.68 2261.83 2030.8
0.000993212528717 5 5533.39 1011.68 1610.79 2293.15 383.0
0.00149839893192 5 5533.39 1073.02 3269.2 831.22 131.44
0.00790910890667 4 5533.39 767.84 3923.9 608.3
0.0132370324543 3 5533.39 3269.2 2030.8
0.00797858567291 4 5533.39 3923.9 608.3 770.4
0.093900136504 4 1884.78 6322.43 1853.98 767.84
0.125949041665 4 1884.78 6322.43 1853.98 770.4
0.0945173077938 4 1884.78 6322.43 1011.68 1610.79
0.00980784766974 4 1884.78 4508.73 3531.98 908.41
0.00173664067152 5 1884.78 4508.73 1678.29 1853.98 908.41
0.00282787649039 5 1884.78 4508.73 1678.29 1988.46 770.4
0.00348460077 5 1884.78 4508.73 2520.44 1783.63 131.44
0.0025830315144 5 1884.78 4508.73 2520.44 908.41 1011.68
0.00182113147467 5 1884.78 4508.73 1999.68 1853.98 583.75
0.00196227385649 5 1884.78 4508.73 1999.68 1610.79 831.22
0.00847368596376 4 1884.78 4508.73 2830.8 1610.79
0.00115016014115 5 1884.78 4508.73 1681.23 1853.98 908.41
0.00217191919377 5 1884.78 4508.73 1681.23 1988.46 767.84
0.00224139596001 5 1884.78 4508.73 1681.23 1988.46 770.4
0.00901732320354 4 1884.78 4508.73 3855.6 583.75
0.00159226757331 5 1884.78 4508.73 1853.98 2002.3 583.75
0.00173340995513 5 1884.78 4508.73 2002.3 1610.79 831.22
0.0019248859957 5 1884.78 4508.73 3300.74 1011.68 131.44
0.00335524876622 5 1884.78 4508.73 3923.9 131.44 383.0
0.00154158762303 5 1884.78 3677.74 3531.98 908.41 831.22
0.00155696282957 5 1884.78 3677.74 3531.98 1610.79 131.44
0.00128987589724 5 1884.78 3677.74 1678.29 2520.44 1073.02
0.000560151779252 5 1884.78 3677.74 1678.29 3013.55 583.75
0.000703395366868 5 1884.78 3677.74 2520.44 1681.23 1073.02
0.0059074271786 4 1884.78 3677.74 1999.68 3269.2
6.62835352307e-05 5 1884.78 3677.74 2830.8 1853.98 583.75
0.000207425917047 5 1884.78 3677.74 2830.8 1610.79 831.22
0.000751063156828 5 1884.78 3677.74 3855.6 583.75 831.22
0.00665995015792 4 1884.78 3677.74 3013.55 2261.83
0.00567856327724 4 1884.78 3677.74 2002.3 3269.2
0.00083763629276 5 1884.78 3677.74 583.75 767.84 3923.9
0.000476808995067 5 1884.78 3677.74 1011.68 3880.9 383.0
0.0311328190156 5 1884.78 5562.06 1988.46 1011.68 383.0
0.0303337808254 5 1884.78 5562.06 1783.63 767.84 831.22
0.0372814574494 5 1884.78 5562.06 1783.63 831.22 770.4
0.0351882586524 5 1884.78 5562.06 583.75 767.84 2030.8
0.0521359352764 5 1884.78 5562.06 583.75 2030.8 770.4
0.0821724261103 5 1884.78 7298.98 908.41 131.44 608.3
0.000240937373747 5 1884.78 3531.98 1678.29 2830.8 908.41
0.00140316369989 5 1884.78 3531.98 2520.44 1988.46 908.41
0.000325428176899 5 1884.78 3531.98 1999.68 2830.8 583.75
9.65642755385e-05 5 1884.78 3531.98 2830.8 2002.3 583.75
0.000745018181178 5 1884.78 3531.98 1988.46 3300.74 131.44
0.000884442349949 5 1884.78 3531.98 908.41 583.75 3923.9
0.000356995599781 5 1884.78 3531.98 767.84 3880.9 770.4
5.74698443707e-05 5 1884.78 2520.44 2830.8 3013.55 583.75
6.90019939017e-05 5 1884.78 2520.44 2830.8 1988.46 1610.79
0.000612639233683 5 1884.78 2520.44 3855.6 1988.46 583.75
2.84409786119e-05 5 1884.78 2520.44 1783.63 767.84 3880.9
5.53882600168e-05 5 1884.78 1999.68 3884.2 1988.46 1073.02
0.00559636857972 4 1884.78 1999.68 4654.1 2293.15
0.00555021128621 4 1884.78 2830.8 3855.6 2261.83
0.000165651891443 5 1884.78 3855.6 3884.2 1073.02 131.44
0.000359562767002 5 1884.78 3855.6 1988.46 1073.02 2030.8
4.26954925958e-06 5 1884.78 1988.46 2261.83 3923.9 770.4
0.00536750467836 4 1884.78 2002.3 4654.1 2293.15
0.00541199154779 4 1884.78 2261.83 2030.8 4654.1
0.00326863633488 3 1884.78 8568.6 383.0
0.0224533368056 2 6322.43 4508.73
0.0141870767589 3 6322.43 3677.74 831.22
0.00637501440238 4 6322.43 1678.29 1999.68 831.22
0.0128864265096 3 6322.43 1678.29 2830.8
0.00614615050102 4 6322.43 1678.29 2002.3 831.22
0.0140486528358 3 6322.43 2520.44 1988.46
0.00701537025366 4 6322.43 2520.44 1610.79 383.0
0.005788533872 4 6322.43 1999.68 1681.23 831.22
0.000781731213233 5 6322.43 1999.68 1073.02 831.22 608.3
0.0522999459793 3 6322.43 2830.8 1681.23
0.00638050487035 4 6322.43 2830.8 908.41 767.84
0.00644998163659 4 6322.43 2830.8 908.41 770.4
0.0072931433205 4 6322.43 2830.8 1073.02 608.3
0.00555966997064 4 6322.43 1681.23 2002.3 831.22
0.00158586615828 5 6322.43 1988.46 1783.63 131.44 608.3
0.00675805748258 4 6322.43 1988.46 908.41 1610.79
0.000552867311872 5 6322.43 2002.3 1073.02 831.22 608.3
0.00634184952842 4 6322.43 3300.74 831.22 383.0
0.0335299314858 3 6322.43 583.75 3923.9
0.00109595418476 5 6322.43 1011.68 1073.02 2293.15 131.44
0.00678913252356 4 6322.43 1610.79 2293.15 608.3
0.00238103786873 5 4508.73 3677.74 1678.29 583.75 383.0
0.00179455733836 5 4508.73 3677.74 1681.23 583.75 383.0
0.00188305420486 5 4508.73 3677.74 1681.23 831.22 131.44
0.00204315734728 5 4508.73 3677.74 908.41 1610.79 131.44
0.0084808362474 4 4508.73 3677.74 2261.83 383.0
0.00840773638442 4 4508.73 3531.98 1783.63 1011.68
0.000668773890847 5 4508.73 1678.29 1999.68 2261.83 383.0
0.000582403955573 5 4508.73 1678.29 2830.8 1681.23 131.44
0.000336529386199 5 4508.73 1678.29 1853.98 1783.63 1011.68
0.000439909989486 5 4508.73 1678.29 2002.3 2261.83 383.0
0.000573958810503 5 4508.73 1678.29 2002.3 2030.8 608.3
0.00121241059535 5 4508.73 1678.29 1783.63 2030.8 831.22
0.000351532982863 5 4508.73 1678.29 2261.83 1610.79 770.4
0.000412630480223 5 4508.73 1678.29 767.84 3269.2 608.3
0.00727963499056 4 4508.73 1678.29 767.84 3880.9
0.000482107246463 5 4508.73 1678.29 3269.2 608.3 770.4
0.00174463028171 5 4508.73 2520.44 1681.23 1988.46 131.44
0.00113620669678 5 4508.73 2520.44 2261.83 767.84 770.4
0.000811622694618 5 4508.73 1999.68 2830.8 908.41 583.75
8.22933604736e-05 5 4508.73 1999.68 1681.23 2261.83 383.0
0.00021634218149 5 4508.73 1999.68 1681.23 2030.8 608.3
0.00734513078421 4 4508.73 1999.68 2030.8 2293.15
0.000582758793257 5 4508.73 2830.8 2002.3 908.41 583.75
0.00211790936915 5 4508.73 2830.8 1073.02 2293.15 131.44
0.000625930064972 5 4508.73 1681.23 1783.63 2030.8 831.22
0.00122590893178 5 4508.73 1681.23 583.75 3923.9 131.44
0.00143417787962 5 4508.73 3855.6 1011.68 1073.02 383.0
0.00119484397357 5 4508.73 1853.98 3013.55 1073.02 383.0
0.00702866885787 4 4508.73 1853.98 3884.2 583.75
0.000817006776941 5 4508.73 1853.98 1783.63 1073.02 1610.79
0.000750573864292 5 4508.73 1853.98 1073.02 3269.2 131.44
0.000277794017804 5 4508.73 1853.98 2030.8 1610.79 831.22
0.00716981123969 4 4508.73 3884.2 1610.79 831.22
0.0012312126989 5 4508.73 1988.46 908.41 3300.74 131.44
0.00711626688285 4 4508.73 2002.3 2030.8 2293.15
0.0008431901175 5 4508.73 908.41 767.84 3880.9 770.4
0.000386249678466 5 4508.73 3300.74 583.75 1610.79 831.22
0.000769657837909 5 4508.73 3300.74 2030.8 608.3 383.0
0.00107844645019 5 4508.73 767.84 4654.1 131.44 770.4
0.00729292959105 4 4508.73 1610.79 3880.9 831.22
0.0065730644859 4 3677.74 5562.06 583.75 1011.68
0.00668874627704 4 3677.74 3531.98 3013.55 608.3
0.00014147633771 5 3677.74 3531.98 1783.63 1011.68 831.22
0.000608659127962 5 3677.74 3531.98 1783.63 1073.02 767.84
0.000678135894202 5 3677.74 3531.98 1783.63 1073.02 770.4
7.61522775443e-05 5 3677.74 2520.44 1988.46 2261.83 383.0
0.0004103473807 5 3677.74 2520.44 583.75 3923.9 131.44
0.00392513927591 4 3677.74 1999.68 1853.98 3300.74
0.00559028284477 4 3677.74 2830.8 2030.8 2293.15
0.0111213310048 3 3677.74 3855.6 3300.74
0.00539918125722 4 3677.74 3855.6 1011.68 2293.15
0.00369627537455 4 3677.74 1853.98 2002.3 3300.74
0.00422294733991 4 3677.74 1853.98 3269.2 2030.8
0.00491062971831 4 3677.74 3884.2 1011.68 2261.83
0.0111149645618 3 3677.74 3884.2 3269.2
1.83920309562e-05 5 3677.74 1988.46 4654.1 131.44 383.0
0.00433140300057 4 3677.74 3300.74 583.75 3269.2
0.00503374806967 4 3677.74 1011.68 2261.83 3880.9
0.00015727091402 5 3677.74 1073.02 2030.8 3923.9 131.44
0.0144441776543 2 3677.74 7153.4
0.421227166633 1 10829.11
0.00669929579594 4 5562.06 3531.98 908.41 831.22
0.000546629884625 5 5562.06 3531.98 583.75 767.84 383.0
0.000616106650866 5 5562.06 3531.98 583.75 770.4 383.0
0.00671467100247 4 5562.06 3531.98 1610.79 131.44
0.00644758407015 4 5562.06 1678.29 2520.44 1073.02
0.00571785995216 4 5562.06 1678.29 3013.55 583.75
0.00586110353978 4 5562.06 2520.44 1681.23 1073.02
0.000287552029696 5 5562.06 2520.44 1783.63 583.75 383.0
0.000376048896194 5 5562.06 2520.44 1783.63 831.22 131.44
1.11391970923e-05 5 5562.06 2520.44 908.41 1073.02 770.4
0.000224593674464 5 5562.06 2520.44 583.75 2030.8 131.44
0.00486080050802 4 5562.06 1999.68 1011.68 2261.83
0.0110651353515 3 5562.06 1999.68 3269.2
0.00522399170814 4 5562.06 2830.8 1853.98 583.75
0.00536513408995 4 5562.06 2830.8 1610.79 831.22
0.00590877132974 4 5562.06 3855.6 583.75 831.22
0.0118176583308 3 5562.06 3013.55 2261.83
0.000450683645751 5 5562.06 1988.46 2293.15 608.3 383.0
0.00463193660666 4 5562.06 2002.3 1011.68 2261.83
0.0108362714501 3 5562.06 2002.3 3269.2
6.13142995954e-05 5 5562.06 1783.63 583.75 2293.15 608.3
3.44755630163e-05 5 5562.06 1783.63 1073.02 2030.8 383.0
0.00599534446567 4 5562.06 583.75 767.84 3923.9
0.00563451716797 4 5562.06 1011.68 3880.9 383.0
0.000246696892413 5 5562.06 831.22 3923.9 131.44 383.0
0.105047341585 2 7298.98 3531.98
0.02524335271603 3 7298.98 1678.29 1853.98
0.0132799180032 3 7298.98 2520.44 1011.68
0.00620942087175 4 7298.98 1999.68 767.84 770.4
0.0118470466299 3 7298.98 1681.23 1853.98
0.00592760552103 4 7298.98 1853.98 908.41 767.84
0.00599708228727 4 7298.98 1853.98 908.41 770.4
0.00684024397118 4 7298.98 1853.98 1073.02 608.3
0.00155783133975 5 7298.98 1988.46 583.75 831.22 131.44
0.000817131325706 5 7298.98 1783.63 1011.68 131.44 608.3
0.00598932265 4 7298.98 908.41 1011.68 1610.79
0.000745101356821 5 7298.98 767.84 2030.8 131.44 608.3
3.05241456421e-06 5 3531.98 2520.44 1988.46 1783.63 1011.68
0.00615965529899 4 3531.98 2520.44 4654.1 131.44
0.00395542001622 4 3531.98 1999.68 2002.3 3300.74
0.00448209198158 4 3531.98 1999.68 3269.2 2030.8
0.0055329655601 4 3531.98 2830.8 3884.2 583.75
0.000254310065104 5 3531.98 3855.6 1988.46 1073.02 383.0
0.0052346149609 4 3531.98 3013.55 2261.83 2030.8
0.00425322808022 4 3531.98 2002.3 3269.2 2030.8
0.00530673884589 4 3531.98 2261.83 4654.1 383.0
0.00330926864823 4 1678.29 1999.68 3855.6 3300.74
0.00330290220524 4 1678.29 1999.68 3884.2 3269.2
0.00663211529771 3 1678.29 1999.68 7153.4
0.00308040474686 4 1678.29 3855.6 2002.3 3300.74
0.00360707671222 4 1678.29 3855.6 3269.2 2030.8
0.00405542518456 4 1678.29 3013.55 3884.2 2261.83
0.00417854353592 4 1678.29 3013.55 2261.83 3880.9
0.00307403830388 4 1678.29 3884.2 2002.3 3269.2
0.00319715665524 4 1678.29 2002.3 3269.2 3880.9
0.00640325139635 3 1678.29 2002.3 7153.4
0.00352965631472 2 1678.29 9151.9
0.00172577703081 3 1678.29 583.75 8568.6
0.0200015310421 2 2520.44 8310.16
0.00391632558505 4 2520.44 1999.68 3013.55 3300.74
0.00481011838647 4 2520.44 2830.8 831.22 4654.1
0.00368746168369 4 2520.44 3013.55 2002.3 3300.74
0.00421413364905 4 2520.44 3013.55 3269.2 2030.8
0.00753874436459 4 8310.16 1783.63 131.44 608.3
0.0827109356889 3 8310.16 908.41 1610.79
0.000573006064183 5 8310.16 1011.68 767.84 131.44 608.3
0.000642482830423 5 8310.16 1011.68 131.44 608.3 770.4
0.00272278811785 4 1999.68 1681.23 3855.6 3300.74
0.00271642167486 4 1999.68 1681.23 3884.2 3269.2
0.00283954002623 4 1999.68 1681.23 3269.2 3880.9
0.00604563476734 3 1999.68 1681.23 7153.4
0.00457662352643 4 1999.68 3884.2 1073.02 3880.9
0.000126193658417 4 1999.68 908.41 767.84 7153.4
0.00321952429481 4 1999.68 908.41 3269.2 4654.1
0.000195670424657 4 1999.68 908.41 7153.4 770.4
0.00261913902269 4 1999.68 3300.74 2261.83 3269.2
0.00340913638465 4 1999.68 3300.74 1610.79 3923.9
0.00103883210857 4 1999.68 1073.02 7153.4 608.3
0.00405010847945 4 2830.8 3855.6 1853.98 2293.15
0.00356155694054 4 2830.8 1853.98 3884.2 2261.83
0.00508459279341 4 2830.8 1783.63 2293.15 3923.9
0.02086524299431 2 1681.23 9148.95
0.00302059618185 4 1681.23 3855.6 3269.2 2030.8
0.00359206300555 4 1681.23 3013.55 2261.83 3880.9
0.0024875577735 4 1681.23 3884.2 2002.3 3269.2
0.00261067612486 4 1681.23 2002.3 3269.2 3880.9
0.00581677086598 3 1681.23 2002.3 7153.4
0.00294317578435 2 1681.23 9151.9
0.00113929650043 3 1681.23 583.75 8568.6
0.01385844033554 3 9148.95 1073.02 608.3
0.00424633656214 4 3855.6 3884.2 2261.83 831.22
0.0043694549135 4 3855.6 2261.83 3880.9 831.22
0.00371725728856 4 1853.98 1783.63 3269.2 3923.9
0.00391188874103 4 1853.98 2030.8 4654.1 2293.15
0.00397204727413 4 3013.55 908.41 2261.83 4654.1
0.00385384709793 4 3013.55 2261.83 3269.2 2293.15
0.00326973733128 4 3884.2 3300.74 3269.2 383.0
0.00433290969807 4 3884.2 2261.83 767.84 3923.9
0.00457395735165 4 3884.2 3880.9 2293.15 770.4
0.0108039059629 3 3884.2 4654.1 2293.15
0.00299066039345 4 2002.3 908.41 3269.2 4654.1
0.00239027512133 4 2002.3 3300.74 2261.83 3269.2
0.00318027248329 4 2002.3 3300.74 1610.79 3923.9
0.000809968207208 4 2002.3 1073.02 7153.4 608.3
0.00686308342593 2 1783.63 9046.71
0.00120193333305 2 908.41 9921.3
0.00402034440169 4 3300.74 583.75 4654.1 2293.15
0.00339285568264 4 3300.74 3269.2 3880.9 383.0
0.00659895042376 3 3300.74 7153.4 383.0
0.000785621650406 4 583.75 2261.83 7153.4 831.22
0.000600966666524 2 1073.02 9757.1
0.00445602804943 4 2261.83 767.84 3880.9 3923.9
0.00782557540948 2 2261.83 8568.6
0.00452550481567 4 2261.83 3880.9 3923.9 770.4
0.00370694444865 4 3269.2 2030.8 1610.79 3923.9
