# Neutron capture gammas for Ni-60 generated by CaptureEnergy.py from data
# obtained from http://www.nndc.bnl.gov/chart/getdataset.jsp?nucleus=61NI&unc=nds
#
# Decay schemes are calculated starting from the 7820.0 keV energy level.
#
# First column lists probability for decay scheme; second column lists number of gammas
# in decay scheme; gamma energies (in keV) are then listed separated by a space.
#
3.96937007075e-11 8 2707.77 2249.4 1133.79 545.0 529.169 373.05 215.55 67.412
2.20520559486e-08 7 2707.77 2249.4 1133.79 545.0 529.169 373.05 282.956
1.19295448106e-08 7 2707.77 2249.4 1133.79 545.0 529.169 588.605 67.412
1.10458748246e-07 6 2707.77 2249.4 1133.79 545.0 529.169 656.008
5.71112965779e-11 7 2707.77 2249.4 1133.79 545.0 902.294 215.55 67.412
3.17284980988e-08 6 2707.77 2249.4 1133.79 545.0 902.294 282.956
1.90713656372e-08 6 2707.77 2249.4 1133.79 545.0 1117.82 67.412
1.44480042706e-06 5 2707.77 2249.4 1133.79 545.0 1185.234
1.07831485464e-10 7 2707.77 2249.4 1133.79 820.8 625.605 215.55 67.412
5.99063808133e-08 6 2707.77 2249.4 1133.79 820.8 625.605 282.956
3.14669113134e-07 6 2707.77 2249.4 1133.79 820.8 841.211 67.412
1.62200573781e-06 5 2707.77 2249.4 1133.79 820.8 908.631
1.17548580112e-09 7 2707.77 2249.4 1133.79 1073.465 373.05 215.55 67.412
6.53047667291e-07 6 2707.77 2249.4 1133.79 1073.465 373.05 282.956
3.5328050267e-07 6 2707.77 2249.4 1133.79 1073.465 588.605 67.412
3.27111576546e-06 5 2707.77 2249.4 1133.79 1073.465 656.008
1.07627479951e-08 6 2707.77 2249.4 1133.79 1446.492 215.55 67.412
5.97930444172e-06 5 2707.77 2249.4 1133.79 1446.492 282.956
6.98841172134e-06 5 2707.77 2249.4 1133.79 1662.0 67.412
7.13103236871e-06 4 2707.77 2249.4 1133.79 1729.473
4.27667470635e-13 9 2707.77 2249.4 1253.22 477.4 117.5 357.9 373.05 215.55 67.412
2.37593039242e-10 8 2707.77 2249.4 1253.22 477.4 117.5 357.9 373.05 282.956
1.28531181625e-10 8 2707.77 2249.4 1253.22 477.4 117.5 357.9 588.605 67.412
1.19010353356e-09 7 2707.77 2249.4 1253.22 477.4 117.5 357.9 656.008
3.53785323159e-08 7 2707.77 2249.4 1253.22 477.4 117.5 947.86 67.412
1.17810512612e-08 6 2707.77 2249.4 1253.22 477.4 117.5 1015.11
2.19223075495e-07 6 2707.77 2249.4 1253.22 477.4 1064.896 67.412
4.05968658324e-07 5 2707.77 2249.4 1253.22 477.4 1132.35
4.57390323128e-11 7 2707.77 2249.4 1253.22 701.1 625.605 215.55 67.412
2.54105735071e-08 6 2707.77 2249.4 1253.22 701.1 625.605 282.956
1.3347363872e-07 6 2707.77 2249.4 1253.22 701.1 841.211 67.412
6.88008447012e-07 5 2707.77 2249.4 1253.22 701.1 908.631
9.10686449755e-06 5 2707.77 2249.4 1253.22 1542.204 67.412
7.55869753296e-06 4 2707.77 2249.4 1253.22 1609.62
4.04060575934e-10 7 2707.77 2249.4 1679.2 529.169 373.05 215.55 67.412
2.24478097741e-07 6 2707.77 2249.4 1679.2 529.169 373.05 282.956
1.21436365491e-07 6 2707.77 2249.4 1679.2 529.169 588.605 67.412
1.12441079159e-06 5 2707.77 2249.4 1679.2 529.169 656.008
5.81362356654e-10 6 2707.77 2249.4 1679.2 902.294 215.55 67.412
3.2297908703e-07 5 2707.77 2249.4 1679.2 902.294 282.956
1.94136269632e-07 5 2707.77 2249.4 1679.2 1117.82 67.412
1.47072931539e-05 4 2707.77 2249.4 1679.2 1185.234
5.35683885774e-08 5 2707.77 2249.4 2580.75 215.55 67.412
2.97602158763e-05 4 2707.77 2249.4 2580.75 282.956
1.25217893913e-05 4 2707.77 2249.4 2795.55 67.412
4.91535015066e-08 5 2707.77 4456.6 373.05 215.55 67.412
2.7307500837e-05 4 2707.77 4456.6 373.05 282.956
1.47725933428e-05 4 2707.77 4456.6 588.605 67.412
0.000136783271693 3 2707.77 4456.6 656.008
0.000253985615738 3 2707.77 5045.0 67.412
0.000701617723035 2 2707.77 5112.1
6.30437087261e-10 7 2783.85 3305.94 545.0 529.169 373.05 215.55 67.412
3.50242826256e-07 6 2783.85 3305.94 545.0 529.169 373.05 282.956
1.89471562205e-07 6 2783.85 3305.94 545.0 529.169 588.605 67.412
1.75436631672e-06 5 2783.85 3305.94 545.0 529.169 656.008
9.07072881151e-10 6 2783.85 3305.94 545.0 902.294 215.55 67.412
5.03929378417e-07 5 2783.85 3305.94 545.0 902.294 282.956
3.02901870779e-07 5 2783.85 3305.94 545.0 1117.82 67.412
2.29471114226e-05 4 2783.85 3305.94 545.0 1185.234
1.71263869076e-09 6 2783.85 3305.94 820.8 625.605 215.55 67.412
9.5146593931e-07 5 2783.85 3305.94 820.8 625.605 282.956
4.9977471387e-06 5 2783.85 3305.94 820.8 841.211 67.412
2.57615831892e-05 4 2783.85 3305.94 820.8 908.631
1.86697090815e-08 6 2783.85 3305.94 1073.465 373.05 215.55 67.412
1.03720606008e-05 5 2783.85 3305.94 1073.465 373.05 282.956
5.61099436736e-06 5 2783.85 3305.94 1073.465 588.605 67.412
5.19536515496e-05 4 2783.85 3305.94 1073.465 656.008
1.7093985635e-07 5 2783.85 3305.94 1446.492 215.55 67.412
9.49665868614e-05 4 2783.85 3305.94 1446.492 282.956
0.000110993781171 4 2783.85 3305.94 1662.0 67.412
0.000113258960378 3 2783.85 3305.94 1729.473
3.7285903917e-11 7 2783.85 3904.2 117.5 357.9 373.05 215.55 67.412
2.0714391065e-08 6 2783.85 3904.2 117.5 357.9 373.05 282.956
1.12059055632e-08 6 2783.85 3904.2 117.5 357.9 588.605 67.412
1.03758384845e-07 5 2783.85 3904.2 117.5 357.9 656.008
3.08445380402e-06 5 2783.85 3904.2 117.5 947.86 67.412
1.02712311674e-06 4 2783.85 3904.2 117.5 1015.11
1.91128179966e-05 4 2783.85 3904.2 1064.896 67.412
3.53941074011e-05 3 2783.85 3904.2 1132.35
4.39864880359e-07 4 2783.85 4753.07 215.55 67.412
0.000244369377977 3 2783.85 4753.07 282.956
0.000329379708572 3 2783.85 4968.4 67.412
1.3953382806e-12 8 2856.7 3352.4 477.4 117.5 357.9 373.05 215.55 67.412
7.75187933668e-10 7 2856.7 3352.4 477.4 117.5 357.9 373.05 282.956
4.19354966852e-10 7 2856.7 3352.4 477.4 117.5 357.9 588.605 67.412
3.88291635974e-09 6 2856.7 3352.4 477.4 117.5 357.9 656.008
1.15428513603e-07 6 2856.7 3352.4 477.4 117.5 947.86 67.412
3.84376950299e-08 5 2856.7 3352.4 477.4 117.5 1015.11
7.15252784543e-07 5 2856.7 3352.4 477.4 1064.896 67.412
1.3245421936e-06 4 2856.7 3352.4 477.4 1132.35
1.49231417131e-10 6 2856.7 3352.4 701.1 625.605 215.55 67.412
8.29063428508e-08 5 2856.7 3352.4 701.1 625.605 282.956
4.35480578594e-07 5 2856.7 3352.4 701.1 841.211 67.412
2.24474525048e-06 4 2856.7 3352.4 701.1 908.631
2.97127032618e-05 4 2856.7 3352.4 1542.204 67.412
2.46615437073e-05 3 2856.7 3352.4 1609.62
4.99189156516e-09 6 2856.7 3777.46 529.169 373.05 215.55 67.412
2.77327309175e-06 5 2856.7 3777.46 529.169 373.05 282.956
1.50026309099e-06 5 2856.7 3777.46 529.169 588.605 67.412
1.38913249166e-05 4 2856.7 3777.46 529.169 656.008
7.18233358395e-09 5 2856.7 3777.46 902.294 215.55 67.412
3.99018532442e-06 4 2856.7 3777.46 902.294 282.956
2.3984205948e-06 4 2856.7 3777.46 1117.82 67.412
0.000181698529909 3 2856.7 3777.46 1185.234
4.84139284117e-11 7 2856.7 3831.3 117.5 357.9 373.05 215.55 67.412
2.68966268954e-08 6 2856.7 3831.3 117.5 357.9 373.05 282.956
1.45503220449e-08 6 2856.7 3831.3 117.5 357.9 588.605 67.412
1.34725204119e-07 5 2856.7 3831.3 117.5 357.9 656.008
4.00501288609e-06 5 2856.7 3831.3 117.5 947.86 67.412
1.33366929107e-06 4 2856.7 3831.3 117.5 1015.11
2.48170623486e-05 4 2856.7 3831.3 1064.896 67.412
4.59575228678e-05 3 2856.7 3831.3 1132.35
7.07663110526e-08 5 2856.7 3864.1 816.692 215.55 67.412
3.93146172515e-05 4 2856.7 3864.1 816.692 282.956
5.39579754807e-06 4 2856.7 3864.1 1032.162 67.412
3.150830685e-05 3 2856.7 3864.1 1099.56
0.000282553659113 2 2856.7 4962.73
1.88550103297e-07 5 2933.89 3786.06 816.692 215.55 67.412
0.000104750057387 4 2933.89 3786.06 816.692 282.956
1.43765892262e-05 4 2933.89 3786.06 1032.162 67.412
8.39508859922e-05 3 2933.89 3786.06 1099.56
7.4948893668e-08 5 2933.89 4230.32 373.05 215.55 67.412
4.163827426e-05 4 2933.89 4230.32 373.05 282.956
2.2525140503e-05 4 2933.89 4230.32 588.605 67.412
0.000208566115768 3 2933.89 4230.32 656.008
2.11444055313e-07 4 2933.89 4603.0 215.55 67.412
0.000117468919618 3 2933.89 4603.0 282.956
0.00053491074397 3 2933.89 4818.41 67.412
0.000272804479425 2 2933.89 4885.69
4.93630219734e-08 5 3106.95 4056.9 373.05 215.55 67.412
2.74239010963e-05 4 3106.95 4056.9 373.05 282.956
1.48355626239e-05 4 3106.95 4056.9 588.605 67.412
0.000137366320591 3 3106.95 4056.9 656.008
0.000359350294667 2 3106.95 4713.02
2.85624028567e-07 5 3580.26 3139.49 816.692 215.55 67.412
0.00015868001587 4 3580.26 3139.49 816.692 282.956
2.17782926662e-05 4 3580.26 3139.49 1032.162 67.412
0.000127172511919 3 3580.26 3139.49 1099.56
1.97049278448e-07 4 3580.26 3956.6 215.55 67.412
0.00010947182136 3 3580.26 3956.6 282.956
0.00421803348609 2 3580.26 4239.62
1.15013492594e-10 8 3641.3 652.63 1402.2 938.63 529.169 373.05 215.55 67.412
6.38963847746e-08 7 3641.3 652.63 1402.2 938.63 529.169 373.05 282.956
3.45661550643e-08 7 3641.3 652.63 1402.2 938.63 529.169 588.605 67.412
3.20056991336e-07 6 3641.3 652.63 1402.2 938.63 529.169 656.008
1.65481413145e-10 7 3641.3 652.63 1402.2 938.63 902.294 215.55 67.412
9.19341184137e-08 6 3641.3 652.63 1402.2 938.63 902.294 282.956
5.52597598961e-08 6 3641.3 652.63 1402.2 938.63 1117.82 67.412
4.18634544667e-06 5 3641.3 652.63 1402.2 938.63 1185.234
4.09684426816e-05 4 3641.3 652.63 1402.2 2124.02
4.56386324942e-07 5 3641.3 652.63 3242.67 215.55 67.412
0.000253547958301 4 3641.3 652.63 3242.67 282.956
6.09610427102e-05 3 3641.3 652.63 3525.38
7.20954229056e-12 8 3641.3 2568.97 477.4 117.5 357.9 373.05 215.55 67.412
4.00530127253e-09 7 3641.3 2568.97 477.4 117.5 357.9 373.05 282.956
2.16675584001e-09 7 3641.3 2568.97 477.4 117.5 357.9 588.605 67.412
2.00625540741e-08 6 3641.3 2568.97 477.4 117.5 357.9 656.008
5.96405016567e-07 6 3641.3 2568.97 477.4 117.5 947.86 67.412
1.98602870517e-07 5 3641.3 2568.97 477.4 117.5 1015.11
3.69562368516e-06 5 3641.3 2568.97 477.4 1064.896 67.412
6.84374756511e-06 4 3641.3 2568.97 477.4 1132.35
7.71060486081e-10 6 3641.3 2568.97 701.1 625.605 215.55 67.412
4.28366936712e-07 5 3641.3 2568.97 701.1 625.605 282.956
2.25007490423e-06 5 3641.3 2568.97 701.1 841.211 67.412
1.15983242486e-05 4 3641.3 2568.97 701.1 908.631
0.000153521904839 4 3641.3 2568.97 1542.204 67.412
0.000127423181016 3 3641.3 2568.97 1609.62
4.47167321178e-07 4 3641.3 3895.93 215.55 67.412
0.000248426289543 3 3641.3 3895.93 282.956
5.41029254053e-05 2 3641.3 4177.5
4.65624992889e-09 6 3950.06 2684.57 529.169 373.05 215.55 67.412
2.58680551605e-06 5 3950.06 2684.57 529.169 373.05 282.956
1.39938935363e-06 5 3950.06 2684.57 529.169 588.605 67.412
1.29573088299e-05 4 3950.06 2684.57 529.169 656.008
6.69941239768e-09 5 3950.06 2684.57 902.294 215.55 67.412
3.72189577649e-06 4 3950.06 2684.57 902.294 282.956
2.23715711333e-06 4 3950.06 2684.57 1117.82 67.412
0.000169481599495 3 3950.06 2684.57 1185.234
9.41005370244e-08 5 3950.06 2770.4 816.692 215.55 67.412
5.22780761247e-05 4 3950.06 2770.4 816.692 282.956
7.17498820265e-06 4 3950.06 2770.4 1032.162 67.412
4.18977413293e-05 3 3950.06 2770.4 1099.56
9.03386986203e-08 5 3950.06 3213.76 373.05 215.55 67.412
5.01881659002e-05 4 3950.06 3213.76 373.05 282.956
2.71503924833e-05 4 3950.06 3213.76 588.605 67.412
0.000251392522994 3 3950.06 3213.76 656.008
0.00174905010679 2 3950.06 3869.83
8.10685463861e-11 8 4043.41 912.87 1133.79 545.0 529.169 373.05 215.55 67.412
4.50380813256e-08 7 4043.41 912.87 1133.79 545.0 529.169 373.05 282.956
2.43643409309e-08 7 4043.41 912.87 1133.79 545.0 529.169 588.605 67.412
2.2559574936e-07 6 4043.41 912.87 1133.79 545.0 529.169 656.008
1.1664142454e-10 7 4043.41 912.87 1133.79 545.0 902.294 215.55 67.412
6.48007914113e-08 6 4043.41 912.87 1133.79 545.0 902.294 282.956
3.89504597015e-08 6 4043.41 912.87 1133.79 545.0 1117.82 67.412
2.95079240163e-06 5 4043.41 912.87 1133.79 545.0 1185.234
2.20229951489e-10 7 4043.41 912.87 1133.79 820.8 625.605 215.55 67.412
1.22349973049e-07 6 4043.41 912.87 1133.79 820.8 625.605 282.956
6.42665388707e-07 6 4043.41 912.87 1133.79 820.8 841.211 67.412
3.31270818921e-06 5 4043.41 912.87 1133.79 820.8 908.631
2.40075688324e-09 7 4043.41 912.87 1133.79 1073.465 373.05 215.55 67.412
1.33375382402e-06 6 4043.41 912.87 1133.79 1073.465 373.05 282.956
7.21523473688e-07 6 4043.41 912.87 1133.79 1073.465 588.605 67.412
6.68077290452e-06 5 4043.41 912.87 1133.79 1073.465 656.008
2.19813300229e-08 6 4043.41 912.87 1133.79 1446.492 215.55 67.412
1.22118500127e-05 5 4043.41 912.87 1133.79 1446.492 282.956
1.42728032332e-05 5 4043.41 912.87 1133.79 1662.0 67.412
1.45640849319e-05 4 4043.41 912.87 1133.79 1729.473
8.73447916496e-13 9 4043.41 912.87 1253.22 477.4 117.5 357.9 373.05 215.55 67.412
4.85248842498e-10 8 4043.41 912.87 1253.22 477.4 117.5 357.9 373.05 282.956
2.62506036824e-10 8 4043.41 912.87 1253.22 477.4 117.5 357.9 588.605 67.412
2.43061145207e-09 7 4043.41 912.87 1253.22 477.4 117.5 357.9 656.008
7.22554495298e-08 7 4043.41 912.87 1253.22 477.4 117.5 947.86 67.412
2.40610646934e-08 6 4043.41 912.87 1253.22 477.4 117.5 1015.11
4.47730893011e-07 6 4043.41 912.87 1253.22 477.4 1064.896 67.412
8.29131283354e-07 5 4043.41 912.87 1253.22 477.4 1132.35
9.34152471707e-11 7 4043.41 912.87 1253.22 701.1 625.605 215.55 67.412
5.18973595393e-08 6 4043.41 912.87 1253.22 701.1 625.605 282.956
2.7260027861e-07 6 4043.41 912.87 1253.22 701.1 841.211 67.412
1.40515607531e-06 5 4043.41 912.87 1253.22 701.1 908.631
1.85994314915e-05 5 4043.41 912.87 1253.22 1542.204 67.412
1.54375281379e-05 4 4043.41 912.87 1253.22 1609.62
8.25234305673e-10 7 4043.41 912.87 1679.2 529.169 373.05 215.55 67.412
4.58463503152e-07 6 4043.41 912.87 1679.2 529.169 373.05 282.956
2.48015918227e-07 6 4043.41 912.87 1679.2 529.169 588.605 67.412
2.29644368729e-06 5 4043.41 912.87 1679.2 529.169 656.008
1.187347119e-09 6 4043.41 912.87 1679.2 902.294 215.55 67.412
6.59637288334e-07 5 4043.41 912.87 1679.2 902.294 282.956
3.96494781272e-07 5 4043.41 912.87 1679.2 1117.82 67.412
3.00374834297e-05 4 4043.41 912.87 1679.2 1185.234
1.09405555965e-07 5 4043.41 912.87 2580.75 215.55 67.412
6.07808644251e-05 4 4043.41 912.87 2580.75 282.956
2.5573913392e-05 4 4043.41 912.87 2795.55 67.412
1.43711728648e-10 7 4043.41 2644.2 117.5 357.9 373.05 215.55 67.412
7.98398492487e-08 6 4043.41 2644.2 117.5 357.9 373.05 282.956
4.31911229278e-08 6 4043.41 2644.2 117.5 357.9 588.605 67.412
3.99917804887e-07 5 4043.41 2644.2 117.5 357.9 656.008
1.18884656544e-05 5 4043.41 2644.2 117.5 947.86 67.412
3.9588590629e-06 4 4043.41 2644.2 117.5 1015.11
7.36668774272e-05 4 4043.41 2644.2 1064.896 67.412
0.000136420143384 3 4043.41 2644.2 1132.35
1.10371800919e-07 5 4043.41 2677.3 816.692 215.55 67.412
6.13176671771e-05 4 4043.41 2677.3 816.692 282.956
8.41564133999e-06 4 4043.41 2677.3 1032.162 67.412
4.91424311824e-05 3 4043.41 2677.3 1099.56
7.46229180582e-09 5 4043.41 2868.23 625.605 215.55 67.412
4.1457176699e-06 4 4043.41 2868.23 625.605 282.956
2.17761327722e-05 4 4043.41 2868.23 841.211 67.412
0.000112248107073 3 4043.41 2868.23 908.631
2.82754752051e-07 4 4043.41 3493.63 215.55 67.412
0.000157085973362 3 4043.41 3493.63 282.956
0.000383826166131 3 4043.41 3709.23 67.412
1.04421777251e-07 5 4081.5 3082.37 373.05 215.55 67.412
5.8012098473e-05 4 4081.5 3082.37 373.05 282.956
3.13829209351e-05 4 4081.5 3082.37 588.605 67.412
0.000290582601251 3 4081.5 3082.37 656.008
9.50205106091e-05 3 4081.5 3670.3 67.412
0.000117825433155 2 4081.5 3738.44
1.04045940301e-08 5 4108.61 2803.07 625.605 215.55 67.412
5.78033001673e-06 4 4108.61 2803.07 625.605 282.956
3.03622301213e-05 4 4108.61 2803.07 841.211 67.412
0.000156506340831 3 4108.61 2803.07 908.631
0.000511136933127 3 4108.61 3644.03 67.412
0.00393182256252 2 4108.61 3711.36
6.42244334523e-11 7 4150.91 2536.49 117.5 357.9 373.05 215.55 67.412
3.56802408068e-08 6 4150.91 2536.49 117.5 357.9 373.05 282.956
1.93020112298e-08 6 4150.91 2536.49 117.5 357.9 588.605 67.412
1.78722326201e-07 5 4150.91 2536.49 117.5 357.9 656.008
5.31292733344e-06 5 4150.91 2536.49 117.5 947.86 67.412
1.76920480204e-06 4 4150.91 2536.49 117.5 1015.11
3.29215542217e-05 4 4150.91 2536.49 1064.896 67.412
6.09658411512e-05 3 4150.91 2536.49 1132.35
1.69583208734e-07 5 4150.91 2568.97 816.692 215.55 67.412
9.42128937413e-05 4 4150.91 2568.97 816.692 282.956
1.29303993422e-05 4 4150.91 2568.97 1032.162 67.412
7.550598156e-05 3 4150.91 2568.97 1099.56
3.13916929777e-07 5 4150.91 3012.83 373.05 215.55 67.412
0.00017439829432 4 4150.91 3012.83 373.05 282.956
9.43445940751e-05 4 4150.91 3012.83 588.605 67.412
0.000873561056251 3 4150.91 3012.83 656.008
5.86576205926e-06 4 4150.91 3386.07 215.55 67.412
0.00325875669959 3 4150.91 3386.07 282.956
0.000159966500621 3 4150.91 3601.33 67.412
2.57821912565e-10 7 4294.43 1402.2 938.63 529.169 373.05 215.55 67.412
1.4323439587e-07 6 4294.43 1402.2 938.63 529.169 373.05 282.956
7.74857976024e-08 6 4294.43 1402.2 938.63 529.169 588.605 67.412
7.17461088911e-07 5 4294.43 1402.2 938.63 529.169 656.008
3.70954167799e-10 6 4294.43 1402.2 938.63 902.294 215.55 67.412
2.06085648777e-07 5 4294.43 1402.2 938.63 902.294 282.956
1.23873961767e-07 5 4294.43 1402.2 938.63 1117.82 67.412
9.38439104296e-06 4 4294.43 1402.2 938.63 1185.234
9.18375923445e-05 3 4294.43 1402.2 2124.02
1.02306601174e-06 4 4294.43 3242.67 215.55 67.412
0.000568370006524 3 4294.43 3242.67 282.956
0.000136654337409 2 4294.43 3525.38
2.69663541486e-11 8 4404.72 650.28 1632.6 117.5 357.9 373.05 215.55 67.412
1.49813078603e-08 7 4404.72 650.28 1632.6 117.5 357.9 373.05 282.956
8.10446807582e-09 7 4404.72 650.28 1632.6 117.5 357.9 588.605 67.412
7.50413710724e-08 6 4404.72 650.28 1632.6 117.5 357.9 656.008
2.2307753037e-06 6 4404.72 650.28 1632.6 117.5 947.86 67.412
7.42848176132e-07 5 4404.72 650.28 1632.6 117.5 1015.11
1.38229991694e-05 5 4404.72 650.28 1632.6 1064.896 67.412
2.55981466099e-05 4 4404.72 650.28 1632.6 1132.35
7.25264282731e-08 6 4404.72 650.28 1665.31 816.692 215.55 67.412
4.02924601517e-05 5 4404.72 650.28 1665.31 816.692 282.956
5.53000316146e-06 5 4404.72 650.28 1665.31 1032.162 67.412
3.2291989264e-05 4 4404.72 650.28 1665.31 1099.56
1.74407578092e-09 6 4404.72 650.28 1857.3 625.605 215.55 67.412
9.68930989398e-07 5 4404.72 650.28 1857.3 625.605 282.956
5.08948547688e-06 5 4404.72 650.28 1857.3 841.211 67.412
2.6234461221e-05 4 4404.72 650.28 1857.3 908.631
2.93183356309e-07 5 4404.72 650.28 2482.6 215.55 67.412
0.000162879642394 4 4404.72 650.28 2482.6 282.956
0.00016997169349 3 4404.72 650.28 2764.67
4.28378925256e-07 5 4404.72 2315.59 816.692 215.55 67.412
0.000237988291809 4 4404.72 2315.59 816.692 282.956
3.26630838906e-05 4 4404.72 2315.59 1032.162 67.412
0.000190733336587 3 4404.72 2315.59 1099.56
4.85245601299e-06 4 4404.72 3132.19 215.55 67.412
0.00269580889611 3 4404.72 3132.19 282.956
0.000388895234705 3 4404.72 3347.56 67.412
0.00253862167099 2 4404.72 3415.08
5.76115188434e-10 7 4588.08 1501.81 545.0 529.169 373.05 215.55 67.412
3.20063993574e-07 6 4588.08 1501.81 545.0 529.169 373.05 282.956
1.73145658732e-07 6 4588.08 1501.81 545.0 529.169 588.605 67.412
1.60320054381e-06 5 4588.08 1501.81 545.0 529.169 656.008
8.28914533119e-10 6 4588.08 1501.81 545.0 902.294 215.55 67.412
4.60508073955e-07 5 4588.08 1501.81 545.0 902.294 282.956
2.76802193093e-07 5 4588.08 1501.81 545.0 1117.82 67.412
2.09698631131e-05 4 4588.08 1501.81 545.0 1185.234
1.56506839776e-09 6 4588.08 1501.81 820.8 625.605 215.55 67.412
8.69482443197e-07 5 4588.08 1501.81 820.8 625.605 282.956
4.56711397972e-06 5 4588.08 1501.81 820.8 841.211 67.412
2.35418246377e-05 4 4588.08 1501.81 820.8 908.631
1.70610250933e-08 6 4588.08 1501.81 1073.465 373.05 215.55 67.412
9.47834727406e-06 5 4588.08 1501.81 1073.465 373.05 282.956
5.12752048154e-06 5 4588.08 1501.81 1073.465 588.605 67.412
4.74770414958e-05 4 4588.08 1501.81 1073.465 656.008
1.56210745754e-07 5 4588.08 1501.81 1446.492 215.55 67.412
8.67837476413e-05 4 4588.08 1501.81 1446.492 282.956
0.000101429951452 4 4588.08 1501.81 1662.0 67.412
0.000103499950461 3 4588.08 1501.81 1729.473
2.86954622784e-11 8 4588.08 1621.82 477.4 117.5 357.9 373.05 215.55 67.412
1.5941923488e-08 7 4588.08 1621.82 477.4 117.5 357.9 373.05 282.956
8.62413423315e-09 7 4588.08 1621.82 477.4 117.5 357.9 588.605 67.412
7.98530947514e-08 6 4588.08 1621.82 477.4 117.5 357.9 656.008
2.37381472579e-06 6 4588.08 1621.82 477.4 117.5 947.86 67.412
7.90480303688e-07 5 4588.08 1621.82 477.4 117.5 1015.11
1.47093429484e-05 5 4588.08 1621.82 477.4 1064.896 67.412
2.72395239784e-05 4 4588.08 1621.82 477.4 1132.35
3.06897944432e-09 6 4588.08 1621.82 701.1 625.605 215.55 67.412
1.70498858018e-06 5 4588.08 1621.82 701.1 625.605 282.956
8.95576125856e-06 5 4588.08 1621.82 701.1 841.211 67.412
4.61637178276e-05 4 4588.08 1621.82 701.1 908.631
0.000611048781138 4 4588.08 1621.82 1542.204 67.412
0.000507170488345 3 4588.08 1621.82 1609.62
8.60433005555e-10 7 4588.08 2099.4 117.5 357.9 373.05 215.55 67.412
4.78018336419e-07 6 4588.08 2099.4 117.5 357.9 373.05 282.956
2.58594535489e-07 6 4588.08 2099.4 117.5 357.9 588.605 67.412
2.39439384712e-06 5 4588.08 2099.4 117.5 357.9 656.008
7.117879891e-05 5 4588.08 2099.4 117.5 947.86 67.412
2.3702540037e-05 4 4588.08 2099.4 117.5 1015.11
0.000441059427446 4 4588.08 2099.4 1064.896 67.412
0.000816776717492 3 4588.08 2099.4 1132.35
1.63899581063e-07 5 4588.08 2575.88 373.05 215.55 67.412
9.10553228128e-05 4 4588.08 2575.88 373.05 282.956
4.92583800927e-05 4 4588.08 2575.88 588.605 67.412
0.000456096111969 3 4588.08 2575.88 656.008
0.000227782690974 3 4588.08 3164.33 67.412
0.0010440040003 2 4588.08 3231.72
9.31803793033e-10 7 4674.9 1021.1 938.63 529.169 373.05 215.55 67.412
5.17668773907e-07 6 4674.9 1021.1 938.63 529.169 373.05 282.956
2.80044311958e-07 6 4674.9 1021.1 938.63 529.169 588.605 67.412
2.5930028885e-06 5 4674.9 1021.1 938.63 529.169 656.008
1.34067929742e-09 6 4674.9 1021.1 938.63 902.294 215.55 67.412
7.44821831898e-07 5 4674.9 1021.1 938.63 902.294 282.956
4.47697506717e-07 5 4674.9 1021.1 938.63 1117.82 67.412
3.39164777816e-05 4 4674.9 1021.1 938.63 1185.234
0.000331913668773 3 4674.9 1021.1 2124.02
6.74544234185e-10 7 4674.9 1415.24 545.0 529.169 373.05 215.55 67.412
3.74746796769e-07 6 4674.9 1415.24 545.0 529.169 373.05 282.956
2.02727524142e-07 6 4674.9 1415.24 545.0 529.169 588.605 67.412
1.87710670502e-06 5 4674.9 1415.24 545.0 529.169 656.008
9.70534244145e-10 6 4674.9 1415.24 545.0 902.294 215.55 67.412
5.39185691192e-07 5 4674.9 1415.24 545.0 902.294 282.956
3.24093735261e-07 5 4674.9 1415.24 545.0 1117.82 67.412
2.45525557016e-05 4 4674.9 1415.24 545.0 1185.234
1.83245969731e-09 6 4674.9 1415.24 820.8 625.605 215.55 67.412
1.01803316517e-06 5 4674.9 1415.24 820.8 625.605 282.956
5.3474035466e-06 5 4674.9 1415.24 820.8 841.211 67.412
2.75639358072e-05 4 4674.9 1415.24 820.8 908.631
1.99758942951e-08 6 4674.9 1415.24 1073.465 373.05 215.55 67.412
1.10977190528e-05 5 4674.9 1415.24 1073.465 373.05 282.956
6.00355527146e-06 5 4674.9 1415.24 1073.465 588.605 67.412
5.55884747357e-05 4 4674.9 1415.24 1073.465 656.008
1.82899288166e-07 5 4674.9 1415.24 1446.492 215.55 67.412
0.000101610715648 4 4674.9 1415.24 1446.492 282.956
0.000118759217425 4 4674.9 1415.24 1662.0 67.412
0.000121182874924 3 4674.9 1415.24 1729.473
3.11093243924e-12 8 4674.9 1535.1 477.4 117.5 357.9 373.05 215.55 67.412
1.72829579958e-09 7 4674.9 1535.1 477.4 117.5 357.9 373.05 282.956
9.3495963529e-10 7 4674.9 1535.1 477.4 117.5 357.9 588.605 67.412
8.65703366009e-09 6 4674.9 1535.1 477.4 117.5 357.9 656.008
2.57350000623e-07 6 4674.9 1535.1 477.4 117.5 947.86 67.412
8.56975502074e-08 5 4674.9 1535.1 477.4 117.5 1015.11
1.59466927886e-06 5 4674.9 1535.1 477.4 1064.896 67.412
2.95309125715e-06 4 4674.9 1535.1 477.4 1132.35
3.3271419767e-10 6 4674.9 1535.1 701.1 625.605 215.55 67.412
1.84841220928e-07 5 4674.9 1535.1 701.1 625.605 282.956
9.7091198417e-07 5 4674.9 1535.1 701.1 841.211 67.412
5.00470094933e-06 4 4674.9 1535.1 701.1 908.631
6.62450200927e-05 4 4674.9 1535.1 1542.204 67.412
5.4983366677e-05 3 4674.9 1535.1 1609.62
1.85695184469e-08 6 4674.9 1959.68 529.169 373.05 215.55 67.412
1.03163991371e-05 5 4674.9 1959.68 529.169 373.05 282.956
5.58088307402e-06 5 4674.9 1959.68 529.169 588.605 67.412
5.1674843278e-05 4 4674.9 1959.68 529.169 656.008
2.67178231414e-08 5 4674.9 1959.68 902.294 215.55 67.412
1.48432350785e-05 4 4674.9 1959.68 902.294 282.956
8.921971741e-06 4 4674.9 1959.68 1117.82 67.412
0.000675906950076 3 4674.9 1959.68 1185.234
1.76707771589e-06 5 4674.9 2045.35 816.692 215.55 67.412
0.000981709842162 4 4674.9 2045.35 816.692 282.956
0.000134736338023 4 4674.9 2045.35 1032.162 67.412
0.000786781535902 3 4674.9 2045.35 1099.56
1.38111113613e-07 5 4674.9 2488.93 373.05 215.55 67.412
7.67283964515e-05 4 4674.9 2488.93 373.05 282.956
4.15079140852e-05 4 4674.9 2488.93 588.605 67.412
0.000384332537826 3 4674.9 2488.93 656.008
4.75392991067e-06 4 4674.9 2862.11 215.55 67.412
0.00264107217259 3 4674.9 2862.11 282.956
0.00026458261025 3 4674.9 3077.55 67.412
0.00161395392253 2 4674.9 3144.93
3.78370389786e-09 6 4757.6 1876.89 529.169 373.05 215.55 67.412
2.10205772103e-06 5 4757.6 1876.89 529.169 373.05 282.956
1.13715436946e-06 5 4757.6 1876.89 529.169 588.605 67.412
1.05292071246e-05 4 4757.6 1876.89 529.169 656.008
5.44399316823e-09 5 4757.6 1876.89 902.294 215.55 67.412
3.02444064902e-06 4 4757.6 1876.89 902.294 282.956
1.81793078531e-06 4 4757.6 1876.89 1117.82 67.412
0.00013772202919 3 4757.6 1876.89 1185.234
3.30404666527e-07 5 4757.6 2406.24 373.05 215.55 67.412
0.00018355814807 4 4757.6 2406.24 373.05 282.956
9.92998184779e-05 4 4757.6 2406.24 588.605 67.412
0.000919442763684 3 4757.6 2406.24 656.008
2.1176295887e-07 4 4757.6 2779.11 215.55 67.412
0.000117646088261 3 4757.6 2779.11 282.956
0.000625368190147 2 4757.6 3062.19
5.08251950363e-10 7 4956.24 1133.79 545.0 529.169 373.05 215.55 67.412
2.82362194646e-07 6 4956.24 1133.79 545.0 529.169 373.05 282.956
1.52750041162e-07 6 4956.24 1133.79 545.0 529.169 588.605 67.412
1.41435223298e-06 5 4956.24 1133.79 545.0 529.169 656.008
7.31272906182e-10 6 4956.24 1133.79 545.0 902.294 215.55 67.412
4.06262725657e-07 5 4956.24 1133.79 545.0 902.294 282.956
2.44196399138e-07 5 4956.24 1133.79 545.0 1117.82 67.412
1.84997272074e-05 4 4956.24 1133.79 545.0 1185.234
1.38071184648e-09 6 4956.24 1133.79 820.8 625.605 215.55 67.412
7.67062136936e-07 5 4956.24 1133.79 820.8 625.605 282.956
4.0291327747e-06 5 4956.24 1133.79 820.8 841.211 67.412
2.07687256428e-05 4 4956.24 1133.79 820.8 908.631
1.50513290622e-08 6 4956.24 1133.79 1073.465 373.05 215.55 67.412
8.36184947901e-06 5 4956.24 1133.79 1073.465 373.05 282.956
4.52352643636e-06 5 4956.24 1133.79 1073.465 588.605 67.412
4.18845040404e-05 4 4956.24 1133.79 1073.465 656.008
1.37809968894e-07 5 4956.24 1133.79 1446.492 215.55 67.412
7.65610938299e-05 4 4956.24 1133.79 1446.492 282.956
8.94820544319e-05 4 4956.24 1133.79 1662.0 67.412
9.1308218808e-05 3 4956.24 1133.79 1729.473
5.47600304791e-12 8 4956.24 1253.22 477.4 117.5 357.9 373.05 215.55 67.412
3.04222391551e-09 7 4956.24 1253.22 477.4 117.5 357.9 373.05 282.956
1.64575795602e-09 7 4956.24 1253.22 477.4 117.5 357.9 588.605 67.412
1.52384995928e-08 6 4956.24 1253.22 477.4 117.5 357.9 656.008
4.52999033349e-07 6 4956.24 1253.22 477.4 117.5 947.86 67.412
1.50848678105e-07 5 4956.24 1253.22 477.4 117.5 1015.11
2.80700851014e-06 5 4956.24 1253.22 477.4 1064.896 67.412
5.19816390768e-06 4 4956.24 1253.22 477.4 1132.35
5.85658478962e-10 6 4956.24 1253.22 701.1 625.605 215.55 67.412
3.25365821646e-07 5 4956.24 1253.22 701.1 625.605 282.956
1.70904289579e-06 5 4956.24 1253.22 701.1 841.211 67.412
8.80949946283e-06 4 4956.24 1253.22 701.1 908.631
0.000116607460632 4 4956.24 1253.22 1542.204 67.412
9.67841923243e-05 3 4956.24 1253.22 1609.62
5.17373215707e-09 6 4956.24 1679.2 529.169 373.05 215.55 67.412
2.87429564282e-06 5 4956.24 1679.2 529.169 373.05 282.956
1.55491346249e-06 5 4956.24 1679.2 529.169 588.605 67.412
1.43973468749e-05 4 4956.24 1679.2 529.169 656.008
7.44396582759e-09 5 4956.24 1679.2 902.294 215.55 67.412
4.13553657089e-06 4 4956.24 1679.2 902.294 282.956
2.48578832203e-06 4 4956.24 1679.2 1117.82 67.412
0.000188317297123 3 4956.24 1679.2 1185.234
6.85908279828e-07 4 4956.24 2580.75 215.55 67.412
0.00038106015546 3 4956.24 2580.75 282.956
0.000160333346771 3 4956.24 2795.55 67.412
9.26937724457e-11 7 5054.74 1632.6 117.5 357.9 373.05 215.55 67.412
5.14965402476e-08 6 5054.74 1632.6 117.5 357.9 373.05 282.956
2.78581863708e-08 6 5054.74 1632.6 117.5 357.9 588.605 67.412
2.579461701e-07 5 5054.74 1632.6 117.5 357.9 656.008
7.66803614753e-06 5 5054.74 1632.6 117.5 947.86 67.412
2.55345603713e-06 4 5054.74 1632.6 117.5 1015.11
4.75149859882e-05 4 5054.74 1632.6 1064.896 67.412
8.79907147929e-05 3 5054.74 1632.6 1132.35
2.49301340537e-07 5 5054.74 1665.31 816.692 215.55 67.412
0.000138500744743 4 5054.74 1665.31 816.692 282.956
1.90087563134e-05 4 5054.74 1665.31 1032.162 67.412
0.000111000036867 3 5054.74 1665.31 1099.56
5.99506194547e-09 5 5054.74 1857.3 625.605 215.55 67.412
3.3305899697e-06 4 5054.74 1857.3 625.605 282.956
1.74945269227e-05 4 5054.74 1857.3 841.211 67.412
9.01779738283e-05 3 5054.74 1857.3 908.631
1.00778441034e-06 4 5054.74 2482.6 215.55 67.412
0.000559880227965 3 5054.74 2482.6 282.956
0.000584258346225 2 5054.74 2764.67
2.55723625065e-07 4 5180.04 2356.75 215.55 67.412
0.000142068680591 3 5180.04 2356.75 282.956
0.000119281405439 3 5180.04 2572.6 67.412
0.00135547051635 2 5180.04 2639.63
1.62714273708e-07 6 5695.67 938.63 529.169 373.05 215.55 67.412
9.03968187266e-05 5 5695.67 938.63 529.169 373.05 282.956
4.89021478202e-05 5 5695.67 938.63 529.169 588.605 67.412
0.000452797665002 4 5695.67 938.63 529.169 656.008
2.34113297011e-07 5 5695.67 938.63 902.294 215.55 67.412
0.000130062942784 4 5695.67 938.63 902.294 282.956
7.81782336485e-05 4 5695.67 938.63 1117.82 67.412
0.00592259345822 3 5695.67 938.63 1185.234
0.0579597249463 2 5695.67 2124.02
4.58075587604e-10 6 6090.16 545.0 529.169 373.05 215.55 67.412
2.54486437558e-07 5 6090.16 545.0 529.169 373.05 282.956
1.37670037098e-07 5 6090.16 545.0 529.169 588.605 67.412
1.27472256573e-06 4 6090.16 545.0 529.169 656.008
6.59079155444e-10 5 6090.16 545.0 902.294 215.55 67.412
3.66155086358e-07 4 6090.16 545.0 902.294 282.956
2.20088499308e-07 4 6090.16 545.0 1117.82 67.412
1.66733711597e-05 3 6090.16 545.0 1185.234
1.2444032727e-09 5 6090.16 820.8 625.605 215.55 67.412
6.91335151502e-07 4 6090.16 820.8 625.605 282.956
3.63136307098e-06 4 6090.16 820.8 841.211 67.412
1.87183663453e-05 3 6090.16 820.8 908.631
1.35654106186e-08 5 6090.16 1073.465 373.05 215.55 67.412
7.53633923258e-06 4 6090.16 1073.465 373.05 282.956
4.07694850732e-06 4 6090.16 1073.465 588.605 67.412
3.7749523216e-05 3 6090.16 1073.465 656.008
1.24204899624e-07 4 6090.16 1446.492 215.55 67.412
6.90027220135e-05 3 6090.16 1446.492 282.956
8.06480813986e-05 3 6090.16 1662.0 67.412
8.22939606108e-05 2 6090.16 1729.473
3.03953068705e-07 5 6634.27 529.169 373.05 215.55 67.412
0.000168862815947 4 6634.27 529.169 373.05 282.956
9.13500552686e-05 4 6634.27 529.169 588.605 67.412
0.00084583384508 3 6634.27 529.169 656.008
4.37327675253e-07 4 6634.27 902.294 215.55 67.412
0.000242959819585 3 6634.27 902.294 282.956
0.000146038288356 3 6634.27 1117.82 67.412
0.0110635066936 2 6634.27 1185.234
2.25000578731e-05 4 6719.89 816.692 215.55 67.412
0.0125000321517 3 6719.89 816.692 282.956
0.00171558691272 3 6719.89 1032.162 67.412
0.0100180257677 2 6719.89 1099.56
0.000552046419937 3 7536.49 215.55 67.412
0.306692455521 2 7536.49 282.956
0.539025442001 1 7819.42
