# Neutron capture gammas for S-33 generated by sums.py from data obtained from
# NNDC capture gamma tables at http://www.nndc.bnl.gov/capgam/indexbyn.html
#
# Number of gammas in a decay chain limited to 3
#
# First column lists probability for decay scheme; second column lists number of gammas
# in decay scheme; gamma energies (in keV) are then listed separated by a space.
#
0.0381515598297 3 2127.5 1788.79 7499.9
0.0341431011622 3 2127.5 1176.65 8111.99
0.0263270253554 3 2127.5 5736.76 3552.08
0.0291874668341 3 2127.5 1320.17 7973.45
0.0284037773707 3 2127.5 7341.67 1947.06
0.0227989013491 3 2127.5 7341.67 1951.77
0.0244653833863 3 2127.5 3787.1 5501.4
0.0248319933953 3 2127.5 6792.1 2496.73
0.0234706092484 3 2127.5 4938.06 4350.85
0.0256325449023 3 2127.5 5660.78 3628.1
0.0226440321191 3 2127.5 5247.94 4040.63
0.0226322489321 3 2127.5 1153.49 8136.98
0.0221695962132 3 2127.5 2801.33 6487.48
0.0223071579405 3 2127.5 2543.13 6745.64
0.0221641912946 3 2127.5 4306.44 4982.44
0.0205733664011 3 2127.5 2749.24 6539.66
0.0222673628824 3 2127.5 5569.3 3719.68
0.0227948339494 3 2127.5 6526.84 2762.1
0.0223858813255 3 2127.5 6035.68 3253.21
0.0230104689572 3 2127.5 3278.79 6010.3
0.0211974601173 3 2127.5 2714.5 6573.6
0.0218212273223 3 2127.5 3122.65 6166.24
0.0190332868847 3 2127.5 1585.51 7708.32
0.020719858287 3 2127.5 3211.69 6077.27
0.0223345858542 3 2127.5 2441.31 6846.37
0.0211118030042 3 2127.5 1156.39 8136.98
0.0209826995791 3 2127.5 4248.28 5043.3
0.0210225049585 3 2127.5 1751.43 7536.2
0.020589501469 3 2127.5 1105.67 8184.7
0.0210135946026 3 2127.5 4049.68 5239.8
0.000750995083926 2 2127.5 9288.28
0.0190780948442 3 2127.5 6539.66 2753.3
0.0206827941877 3 2127.5 3051.83 6241.0
0.0185116607146 3 2127.5 1580.5 7708.32
0.0208145363105 3 2127.5 1205.05 8083.49
0.0222328114328 3 2127.5 6341.58 2945.8
0.0107585142309 3 1788.79 7341.67 2282.17
0.00926687941085 3 1788.79 6792.1 2839.3
0.00959099134007 3 1788.79 3628.1 5997.3
0.0094375828166 3 1788.79 3552.08 6077.27
0.0101997424386 3 1788.79 6188.45 3442.24
0.00989694846266 3 1788.79 3635.83 5997.3
0.0095644353126 3 1788.79 8505.68 1121.33
0.00955455251719 3 1788.79 8384.28 1247.92
0.00872931338815 3 1788.79 1544.41 8083.49
0.00908483933709 3 1788.79 5380.59 4248.28
0.00975685515821 3 1788.79 5380.59 4252.38
0.00813438867378 3 1788.79 5043.3 4588.37
0.00749468643929 3 1788.79 6573.6 3051.83
0.00770771212419 3 1788.79 6539.66 3089.53
0.00894811309031 3 1788.79 8184.7 1443.05
0.00817084750465 3 1788.79 5239.8 4391.77
0.00684433085039 3 1788.79 7708.32 1922.92
0.010147918615 3 1788.79 3870.51 5755.5
0.0137201234204 3 1176.65 4074.42 6166.24
0.0110518628028 3 1176.65 6792.1 3451.5
0.0118693307591 3 1176.65 5247.94 4988.6
0.0106803069762 3 1176.65 6188.45 4049.68
0.0110981876297 3 1176.65 8505.68 1739.32
0.0116830995804 3 1176.65 8505.68 1732.39
0.0121576262278 3 1176.65 8384.28 1854.28
0.0109267841357 3 1176.65 3392.86 6846.37
0.0108915959408 3 1176.65 3738.69 6496.62
0.0101378476403 3 1176.65 6573.6 3664.8
0.010469353823 3 1176.65 8184.7 2053.94
0.00876194384271 3 1176.65 7708.32 2530.25
0.0116551592302 3 1176.65 9206.65 1029.23
0.0116345224413 3 1176.65 9544.83 698.18
0.00839729839493 3 3304.03 7499.9 612.16
0.0106236784171 3 3304.03 5736.76 2375.66
0.0104284705027 3 3304.03 1320.17 6792.1
0.00517373563747 3 3304.03 7341.67 770.43
0.00511247113881 3 3304.03 7341.67 767.2
0.00553460395794 3 3304.03 4074.42 4040.63
0.00707021410137 3 3304.03 1947.06 6166.24
0.00747185883123 3 3304.03 3787.1 4325.4
0.00450012815133 3 3304.03 6792.1 1325.22
0.0060760962345 3 3304.03 4938.06 3174.37
0.00585183238407 3 3304.03 5660.78 2451.56
0.00600281365732 3 3304.03 5247.94 2864.56
0.00641653215284 3 3304.03 2910.28 5202.06
0.00377928817552 3 3304.03 2801.33 5311.1
0.00275934443742 3 3304.03 2543.13 5569.3
0.0042755729083 3 3304.03 6188.45 1922.92
0.00513842009763 3 3304.03 4462.44 3649.88
0.00340971591388 3 3304.03 6526.84 1585.51
0.00359559281745 3 3304.03 1572.57 6539.66
0.00462073878018 3 3304.03 6035.68 2076.89
0.00496527113178 3 3304.03 7780.22 334.21
0.00390223423323 3 3304.03 6745.64 1364.4
0.00286100649982 3 3304.03 3122.65 4988.6
0.00355585754498 3 3304.03 1615.24 6496.62
0.00330915539815 3 3304.03 3719.68 4391.77
0.00436370573799 3 3304.03 1871.04 6241.0
0.00361172739797 3 3304.03 1617.0 6496.62
0.00318228431358 3 3304.03 3864.25 4248.28
0.0038543001347 3 3304.03 3864.25 4252.38
0.0052210584996 3 3304.03 3038.18 5074.79
0.00437807566632 3 3304.03 1772.82 6341.58
0.00372454733992 3 3304.03 2611.7 5501.4
0.00358560721407 3 3304.03 1266.11 6846.37
0.00425987433426 3 3304.03 3311.6 4799.11
0.00367343125626 3 3304.03 2817.76 5294.94
0.00404143941811 3 3304.03 5120.07 2995.8
0.00224287386992 3 3304.03 7536.2 576.8
0.0083058247909 3 7499.9 2375.66 1544.41
0.00655507200634 3 7499.9 2864.56 1055.49
0.0043889413357 3 7499.9 3174.37 743.5
0.00387891841752 3 7499.9 1153.49 2762.1
0.00337983262806 3 7499.9 2801.33 1113.27
0.00370341959647 3 7499.9 2543.13 1374.34
0.0046355274238 3 7499.9 3194.74 722.95
0.00481685491049 3 7499.9 3194.74 725.25
0.00564264003226 3 7499.9 3635.83 281.34
0.00475091949666 3 7499.9 2561.36 1353.46
0.0046568593721 3 7499.9 1631.64 2282.17
0.00235847248958 3 7499.9 2762.1 1156.39
0.00360706476552 3 7499.9 770.43 3149.29
0.00184071563242 3 7499.9 2714.5 1205.05
0.00387769096157 3 7499.9 3122.65 798.92
0.00584413674944 3 7499.9 1871.04 2046.29
0.00480600990785 3 7499.9 2475.15 1443.05
0.00508655133061 3 7499.9 2076.89 1840.52
0.00280518488069 3 7499.9 1105.67 2810.3
0.00583972115486 3 7499.9 2390.82 1525.39
0.00447349103971 3 7499.9 2558.82 1353.46
0.00354580026686 3 7499.9 3149.29 767.2
0.00387363164491 3 7499.9 3581.2 334.21
0.00415823157493 3 7499.9 2995.8 925.79
0.00501011827878 3 7499.9 3241.9 672.0
0.00498239808583 3 5736.76 4074.42 1602.06
0.00155506507163 3 5736.76 4938.06 743.5
0.00218820512512 3 5736.76 3628.1 2053.94
0.00290131624155 3 5736.76 4325.4 1353.46
0.00306538859587 3 5736.76 2864.56 2817.76
0.00312640194154 3 5736.76 4114.52 1564.8
0.00303440927246 3 5736.76 4114.52 1562.3
0.00178533516972 3 5736.76 4306.44 1374.34
0.00177500402457 3 5736.76 4350.85 1325.22
0.00298199014549 3 5736.76 3635.83 2046.29
0.00328390867688 3 5736.76 2451.56 3231.89
0.00312443442781 3 5736.76 2233.49 3442.24
0.00195341925444 3 5736.76 2233.49 3451.5
0.00205774637855 3 5736.76 2561.36 3122.65
0.00273120030748 3 5736.76 3278.79 2404.04
0.00149780645807 3 5736.76 1631.64 4049.68
0.00194159553724 3 5736.76 2762.1 2919.7
0.00342890071726 3 5736.76 4197.69 1484.06
0.00380104530196 3 5736.76 4889.3 789.1
0.0017803179216 3 5736.76 3122.65 2558.82
0.00218112623207 3 5736.76 3719.68 1959.67
0.00241331868454 3 5736.76 2363.97 3311.6
0.00132965770391 3 5736.76 2441.31 3241.9
0.00173835658791 3 5736.76 3864.25 1818.96
0.00125432878594 3 5736.76 4248.28 1435.0
0.00211943777251 3 5736.76 3949.27 1732.39
0.000983079832304 3 5736.76 2839.3 2843.7
0.00154566936929 3 5736.76 3149.29 2530.25
0.0015320562426 3 5736.76 2230.14 3451.5
0.00217879316425 3 5736.76 4758.79 925.79
0.002921616768 3 5736.76 4568.9 1113.27
0.00527331639242 3 1320.17 7341.67 2753.3
0.00577902224801 3 1320.17 1987.19 8111.99
0.00530701024743 3 1320.17 8111.99 1980.15
0.00504871709906 3 1320.17 8111.99 1984.2
0.00456794396227 3 1320.17 3253.21 6846.37
0.00465894907611 3 1320.17 2561.36 7536.2
0.00580621777679 3 1320.17 8136.98 1959.67
0.00376003721635 3 1320.17 2390.82 7708.32
0.00438152061917 3 1320.17 2558.82 7536.2
0.00548970276225 3 1320.17 5294.94 4799.11
0.00697043644598 3 1320.17 1374.34 8726.78
0.00108617868687 3 7341.67 2496.73 1580.5
0.00182313126975 3 7341.67 1153.49 2919.7
0.000425186963393 3 7341.67 2801.33 1274.3
0.000840245597909 3 7341.67 2749.24 1325.22
0.00181683438204 3 7341.67 2233.49 1840.52
0.00173953378378 3 7341.67 2258.43 1818.96
0.0016310403972 3 7341.67 3278.79 798.92
0.00142629368363 3 7341.67 1631.64 2441.31
0.000199900105422 3 7341.67 2714.5 1364.4
0.000794486615075 3 7341.67 1544.41 2530.25
0.000543244224967 3 7341.67 1585.51 2490.6
0.00442388058497 3 7341.67 1871.04 2209.1
0.00175148087193 3 7341.67 2475.15 1602.06
0.000302685341816 3 7341.67 1156.39 2919.7
0.00088381598242 3 7341.67 929.44 3149.29
0.00188313117315 3 7341.67 3442.24 631.13
0.000390183792791 3 7341.67 2839.3 1237.61
0.000559847225705 3 7341.67 3738.69 334.21
0.00232251332184 3 7341.67 3231.89 846.1
0.000362776209229 3 7341.67 3149.29 925.79
0.00141154594027 3 7341.67 2810.3 1266.11
2.16180549038e-05 3 7341.67 1580.5 2490.6
0.00096465799007 3 7341.67 3311.6 767.2
0.00139547137019 3 7341.67 2230.14 1840.52
0.00146943842838 3 7341.67 3500.3 576.8
0.00197358823525 3 7341.67 3500.3 571.7
0.00122648387776 3 7341.67 3089.53 982.68
0.00129563781377 3 7341.67 3089.53 989.08
0.00545976935726 3 4074.42 3787.1 3552.08
0.00352634194929 3 4074.42 4938.06 2404.04
0.00259698024284 3 4074.42 1153.49 6188.45
0.00257119237741 3 4074.42 2801.33 4540.68
0.00180496249164 3 4074.42 2543.13 4799.11
0.0010765343149 3 4074.42 6188.45 1156.39
0.00453149844373 3 4074.42 4114.52 3231.89
0.00426017886565 3 4074.42 4306.44 3031.69
0.0027525654771 3 4074.42 4306.44 3038.18
0.00166660283036 3 4074.42 2749.24 4588.37
0.00168703865936 3 4074.42 4350.85 2995.8
0.00224225437392 3 4074.42 5569.3 1772.82
0.00390815184542 3 4074.42 2451.56 4889.3
0.0031154860079 3 4074.42 4197.69 3149.29
0.00116364695075 3 4074.42 770.43 6573.6
0.002095698655 3 4074.42 1585.51 5755.5
0.00306261526046 3 4074.42 5380.59 1959.67
0.00162651125905 3 4074.42 2363.97 4982.44
0.00297566987868 3 4074.42 4731.37 2611.7
0.00208147998198 3 4074.42 3864.25 3476.95
0.00164925945878 3 4074.42 4248.28 3089.53
0.00267232410895 3 4074.42 3392.86 3949.27
0.00198079196116 3 4074.42 2046.29 5294.94
0.000931811089967 3 4074.42 803.1 6539.66
0.00177253073604 3 4074.42 5602.78 1739.32
0.00139523402127 3 4074.42 6077.27 1266.11
0.0023212752799 3 4074.42 4252.38 3089.53
0.00110238245209 3 4074.42 6573.6 767.2
0.000463697618383 3 4074.42 6539.66 798.92
0.00190202337913 3 4074.42 3476.95 3870.51
0.000171331273515 3 4074.42 2753.3 4588.37
0.0017466627197 3 4074.42 5501.4 1840.52
0.00113878265616 3 4074.42 4391.77 2945.8
0.00179334005863 3 4074.42 6496.62 846.1
0.00420487389975 3 1947.06 6188.45 3278.79
0.00205539325536 3 1947.06 8111.99 1353.46
0.00317141435822 3 1947.06 4350.85 5120.07
0.00444069510363 3 1947.06 6526.84 2940.42
0.00292338953931 3 1947.06 6526.84 2945.8
0.00341693989198 3 1947.06 3864.25 5602.78
0.00208650162378 3 1947.06 3392.86 6077.27
0.00323748328914 3 1947.06 5602.78 3870.51
0.00345698700926 3 1947.06 3231.89 6241.0
0.00202287845472 3 1947.06 3476.95 5997.3
0.00394297740351 3 1947.06 4391.77 5074.79
0.00348203619187 3 1947.06 8726.78 743.5
0.00452886056333 3 3787.1 4938.06 2689.5
0.00149623035145 3 3787.1 6188.45 1443.05
0.00310079920855 3 3787.1 4114.52 3515.07
0.00159668734144 3 3787.1 1055.49 6573.6
0.00180821160842 3 3787.1 4350.85 3278.79
8.28057014519e-05 3 3787.1 6526.84 1105.67
0.00123775678098 3 3787.1 1631.64 5997.3
0.00126582689457 3 3787.1 1615.24 6010.3
0.0037818662762 3 3787.1 1871.04 5755.5
0.00132169674756 3 3787.1 1617.0 6010.3
0.00215180940066 3 3787.1 4540.68 3089.53
0.00169706641698 3 3787.1 3038.18 4588.37
0.00159589252717 3 3787.1 2390.82 5239.8
0.000537881675244 3 3787.1 4049.68 3581.2
0.00299171723377 3 3787.1 2558.82 5074.79
0.000825369850023 3 3787.1 4391.77 3241.9
0.00353491054944 3 2375.66 2496.73 6539.66
0.00494565939621 3 2375.66 3005.39 6035.68
0.00227585553236 3 2375.66 2801.33 6241.0
0.00250117320721 3 2375.66 2543.13 6496.62
0.00401572647396 3 2375.66 4306.44 4731.37
0.00335123422777 3 2375.66 8111.99 929.44
0.00283019445458 3 2375.66 8111.99 925.79
0.00288523603409 3 2375.66 5569.3 3476.95
0.00484249054313 3 2375.66 3031.69 6010.3
0.0056504852215 3 2375.66 7218.48 1818.96
0.00350471053628 3 2375.66 5380.59 3664.8
0.00225121259378 3 2375.66 4049.68 4988.6
0.00427458033932 3 2375.66 3442.24 5602.78
0.00115429972339 3 6792.1 3005.39 1615.24
0.00121016957639 3 6792.1 3005.39 1617.0
0.000647426828806 3 6792.1 3194.74 1435.0
0.000715908994439 3 6792.1 2749.24 1871.04
5.72238604814e-05 3 6792.1 1572.57 3051.83
0.00133236920033 3 6792.1 3635.83 989.08
0.00152345880429 3 6792.1 2233.49 2390.82
0.000759901925159 3 6792.1 2258.43 2363.97
0.000131421658809 3 6792.1 1631.64 2995.8
0.000976078699908 3 6792.1 3949.27 672.0
0.00110209579244 3 6792.1 2390.82 2230.14
0.000287036783071 3 6792.1 4391.77 229.71
0.000495202689193 3 6792.1 3644.8 982.68
0.00116762835786 3 4938.06 3005.39 3476.95
0.00157252829535 3 4938.06 4114.52 2363.97
0.00113784929872 3 4938.06 3635.83 2839.3
0.00142312835283 3 4938.06 3635.83 2843.7
0.000485128025791 3 4938.06 2233.49 4248.28
0.00266280717604 3 4938.06 3031.69 3442.24
0.00149179200268 3 4938.06 3031.69 3451.5
0.000420399217047 3 4938.06 5202.06 1274.3
0.00130146636375 3 4938.06 4197.69 2282.17
0.000797598971487 3 4938.06 4889.3 1585.51
0.000320467252917 3 4938.06 4731.37 1751.43
0.000921749744329 3 4938.06 3864.25 2611.7
6.37650139435e-05 3 4938.06 4248.28 2230.14
0.00024236333669 3 4938.06 3392.86 3089.53
0.000585809064146 3 4938.06 1887.66 4588.37
0.00107329281134 3 4938.06 3949.27 2530.25
0.00115519378749 3 4938.06 3038.18 3442.24
0.000735780835066 3 4938.06 4252.38 2230.14
0.000742293141484 3 4938.06 2611.7 3870.51
0.000295904876457 3 4938.06 2810.3 3664.8
1.44182066952e-05 3 4938.06 2817.76 3664.8
0.000431693830567 3 4938.06 5755.5 722.95
0.000613021317259 3 4938.06 5755.5 725.25
0.00273850104432 3 5660.78 4325.4 1435.0
0.00331077814156 3 5660.78 2910.28 2843.7
0.00171188440733 3 5660.78 3005.39 2749.24
0.00021661285049 3 5660.78 3005.39 2753.3
0.00271662093132 3 5660.78 3194.74 2561.36
0.00243919247437 3 5660.78 3194.74 2558.82
0.00237982142706 3 5660.78 2258.43 3500.3
0.00249184128743 3 5660.78 3278.79 2475.15
0.000342826956642 3 5660.78 2762.1 2995.8
0.002675220238 3 5660.78 4197.69 1562.3
8.84973658542e-06 3 5660.78 770.43 4982.44
0.000315827229632 3 5660.78 770.43 4988.6
0.000631037085696 3 5660.78 2714.5 3038.18
0.00124255391989 3 5660.78 2363.97 3392.86
0.00132895633554 3 5660.78 2441.31 3311.6
0.000329737804167 3 5660.78 4731.37 1029.23
0.00154494226524 3 5660.78 3864.25 1887.66
0.000419168877122 3 5660.78 2282.17 3476.95
0.00136548566239 3 5660.78 1887.66 3870.51
0.00132084270214 3 5660.78 2839.3 2919.7
0.00107345828363 3 5660.78 2611.7 3149.29
0.00185877544438 3 5660.78 2940.42 2817.76
0.000254562730973 3 5660.78 4988.6 767.2
0.000622956549824 3 5660.78 2810.3 2945.8
0.000542167510383 3 5660.78 5239.8 516.86
0.00197643567442 3 5660.78 5120.07 631.13
0.000832088929888 3 5660.78 4391.77 1364.4
0.00168220739016 3 3628.1 2496.73 5294.94
0.000703372388087 3 3628.1 5247.94 2543.13
0.000693281015844 3 3628.1 6188.45 1602.06
0.000306877388544 3 3628.1 4350.85 3442.24
0.000940746461352 3 3628.1 6526.84 1266.11
0.00256249849751 3 3628.1 3031.69 4758.79
0.000277741092674 3 3628.1 6035.68 1751.43
0.000539556110633 3 3628.1 2714.5 5074.79
0.00290486974947 3 3628.1 7218.48 571.7
0.000761628179812 3 3628.1 5380.59 2404.04
0.00127945034164 3 3628.1 2475.15 5311.1
0.000617646758193 3 3628.1 2490.6 5294.94
0.000288090719449 3 3628.1 941.59 6846.37
0.000254636457461 3 3628.1 1443.05 6341.58
0.000159903916247 3 3552.08 2749.24 5120.07
0.000463767613256 3 3552.08 4350.85 3515.07
0.00134136507254 3 3552.08 2258.43 5602.78
0.00090009225508 3 3552.08 3278.79 4588.37
0.00129108635633 3 3552.08 4197.69 3664.8
0.000934560592262 3 3552.08 1871.04 5997.3
0.00081691443647 3 3552.08 1525.39 6341.58
0.00274412105996 3 2496.73 2910.28 6010.3
0.00230189773064 3 2496.73 4350.85 4568.9
0.00253998913813 3 2496.73 6526.84 2390.82
0.00100235556571 3 2496.73 5202.06 3719.68
0.00120632430955 3 2496.73 2076.89 6846.37
0.000844403124344 3 2496.73 5997.3 2919.7
0.00186256632575 3 4325.4 5247.94 1840.52
0.00194901212434 3 4325.4 1055.49 6035.68
0.000693182618043 3 4325.4 5569.3 1525.39
0.00153512006108 3 4325.4 3635.83 3451.5
0.00161478546889 3 4325.4 3649.88 3442.24
0.00138047132893 3 4325.4 5202.06 1887.66
0.00119348285073 3 4325.4 2363.97 4731.37
0.00209853286476 3 4325.4 3864.25 3231.89
0.00138000339665 3 4325.4 3515.07 3581.2
0.000643692898267 3 4325.4 6166.24 929.44
0.000122653125077 3 4325.4 6166.24 925.79
0.000248045695546 3 4325.4 3038.18 4049.68
0.00193812265932 3 4325.4 3442.24 3644.8
0.000298796133025 3 4325.4 2839.3 4252.38
0.00127246106827 3 4325.4 5602.78 1484.06
0.000584075187131 3 4325.4 4252.38 2843.7
0.000343041634929 3 4325.4 6573.6 516.86
0.000767107485957 3 4325.4 3451.5 3644.8
0.000866491537977 3 4325.4 6341.58 752.3
0.00128823480155 3 4325.4 6341.58 748.43
0.00140195380662 3 5247.94 3174.37 2995.8
0.000764510534891 3 5247.94 4114.52 2053.94
0.00191204922716 3 5247.94 3635.83 2530.25
0.000430678314831 3 5247.94 2451.56 3719.68
0.000402016617542 3 5247.94 3253.21 2919.7
0.00159910096836 3 5247.94 1631.64 4540.68
0.00205718291572 3 5247.94 2689.5 3476.95
0.00120506079976 3 5247.94 5380.59 789.1
0.000656700615324 3 5247.94 4731.37 1435.0
0.000393475050836 3 5247.94 1772.82 4391.77
0.00222827679864 3 5247.94 2940.42 3231.89
0.000543800633838 3 5247.94 5501.4 672.0
0.000203638945051 3 5247.94 1374.34 4799.11
0.00228685470908 3 5247.94 4568.9 1602.06
0.00200809874288 3 2864.56 3174.37 5380.59
0.000830979147822 3 2864.56 2801.33 5755.5
0.000968731041167 3 2864.56 6188.45 2363.97
0.00148564063849 3 2864.56 4350.85 4197.69
0.00197300519239 3 2864.56 7780.22 770.43
0.00191174069373 3 2864.56 7780.22 767.2
0.00147983027873 3 2864.56 4889.3 3664.8
9.96461327343e-05 3 2864.56 2475.15 6077.27
0.000930694418034 3 2864.56 6166.24 2390.82
4.74374157114e-05 3 2864.56 2558.82 5997.3
0.000119989987082 3 2864.56 6573.6 1980.15
0.000637288804942 3 2864.56 5311.1 3241.9
0.00136017857574 3 2864.56 3476.95 5074.79
0.00263803834134 3 2864.56 2209.1 6341.58
0.000710503594132 3 2864.56 7973.45 576.8
0.000717442164044 3 3174.37 3005.39 5239.8
0.000233995857876 3 3174.37 6188.45 2053.94
0.000256160481322 3 3174.37 3194.74 5043.3
0.000756535612328 3 3174.37 2233.49 6010.3
0.00266589528791 3 3174.37 6035.68 2209.1
8.69334848207e-05 3 3174.37 6487.48 1751.43
0.000760895501652 3 3174.37 3649.88 4588.37
0.00109596608504 3 3174.37 5202.06 3038.18
0.000976289713798 3 3174.37 4197.69 4049.68
0.000732346086364 3 3174.37 4197.69 4040.63
0.000527914565273 3 3174.37 3122.65 5120.07
0.00132599116719 3 3174.37 4731.37 3515.07
0.000590360361619 3 3174.37 2076.89 6166.24
0.00112338263935 3 3174.37 3442.24 4799.11
0.00033517260048 3 3174.37 2230.14 6010.3
0.00178461083143 3 3174.37 2490.6 5755.5
0.00226598387982 3 2910.28 3005.39 5501.4
0.0023709884675 3 2910.28 4114.52 4391.77
0.00327087367332 3 2910.28 4306.44 4197.69
0.00156399792099 3 2910.28 4462.44 4040.63
0.00299373823843 3 2910.28 3194.74 5311.1
0.00196225508071 3 2910.28 2749.24 5755.5
0.00147354929355 3 2910.28 8111.99 392.98
0.0019165461455 3 2910.28 5569.3 2940.42
0.00272528016529 3 2910.28 6526.84 1980.15
0.00246698701692 3 2910.28 6526.84 1984.2
0.0024977242307 3 2910.28 6035.68 2475.15
0.00282130413685 3 2910.28 7780.22 722.95
0.00300263162354 3 2910.28 7780.22 725.25
0.00157768250379 3 2910.28 3122.65 5380.59
0.0004215476385 3 2910.28 3211.69 5294.94
0.00185606124653 3 2910.28 3515.07 4988.6
0.000466983523869 3 2910.28 2753.3 5755.5
0.00155764516578 3 1153.49 1055.49 9206.65
3.40591514347e-05 3 1153.49 6526.84 3738.69
6.63246761393e-06 3 1153.49 6745.64 3515.07
0.00179421881277 3 1153.49 9024.95 1237.61
0.000430915579299 3 1153.49 9544.83 722.95
0.00190674052077 3 3005.39 4462.44 3949.27
0.00129952704487 3 3005.39 6526.84 1887.66
0.00246812417866 3 3005.39 3031.69 5380.59
0.00255571522231 3 3005.39 7780.22 631.13
0.000360955546831 3 3005.39 6487.48 1922.92
0.0012468329123 3 3005.39 3649.88 4758.79
0.000193578090072 3 3005.39 1871.04 6539.66
0.00100372770534 3 3005.39 4540.68 3870.51
0.00087109168212 3 3005.39 5602.78 2810.3
0.0010458538701 3 3005.39 8184.7 229.71
0.000386311967839 3 3005.39 1564.8 6846.37
0.000294319298758 3 3005.39 1562.3 6846.37
0.000876919336711 3 2801.33 8384.28 229.71
0.000455813032684 3 2801.33 6745.64 1871.04
0.000454183286452 3 2801.33 5380.59 3231.89
0.000959755286679 3 2543.13 6188.45 2689.5
0.000265283757941 3 2543.13 4114.52 4758.79
0.000691115339558 3 2543.13 4306.44 4568.9
0.000272322188288 3 6188.45 4462.44 770.43
0.000211057689629 3 6188.45 4462.44 767.2
0.000245857257549 3 6188.45 1987.19 3241.9
0.000215478628638 3 6188.45 2233.49 2995.8
0.000399654919445 3 6188.45 4889.3 334.21
2.96881824321e-05 3 6188.45 2390.82 2839.3
0.00032663774187 3 4114.52 4306.44 2995.8
0.000801117804721 3 4114.52 4462.44 2839.3
0.00108639685883 3 4114.52 4462.44 2843.7
0.00168594998237 3 4114.52 1987.19 5311.1
0.00126175206029 3 4114.52 3635.83 3664.8
0.000647678166915 3 4114.52 6035.68 1266.11
0.000377646408575 3 4114.52 2762.1 4540.68
0.000630042170253 3 4114.52 1544.41 5755.5
0.000195430008554 3 4114.52 3719.68 3581.2
0.00081137267087 3 4114.52 5380.59 1922.92
0.000832987177666 3 4114.52 3864.25 3442.24
0.000148455221332 3 4114.52 803.1 6496.62
0.00178033259014 3 4114.52 2230.14 5074.79
0.000852710255948 3 4306.44 1987.19 5120.07
0.000500926397958 3 4306.44 3635.83 3476.95
7.90105440179e-05 3 4306.44 1871.04 5239.8
0.00218106708939 3 4462.44 1572.57 5380.59
0.000700102264361 3 4462.44 2561.36 4391.77
0.00035333542171 3 4462.44 5202.06 1751.43
0.00149905933744 3 4462.44 3719.68 3231.89
0.000431688754732 3 4462.44 2363.97 4588.37
0.000390631372626 3 4462.44 3864.25 3089.53
0.00141808703843 3 4462.44 3515.07 3442.24
0.000368571420192 3 4462.44 6166.24 789.1
7.58527925373e-05 3 4462.44 5602.78 1353.46
0.000422673807412 3 4462.44 2558.82 4391.77
0.00131394413931 3 4462.44 3311.6 3644.8
0.000105688426238 3 4462.44 941.59 6010.3
0.000136636297093 3 4462.44 3451.5 3500.3
2.71135144224e-06 3 4462.44 6341.58 612.16
0.00135901780511 3 3194.74 3635.83 4588.37
0.00231928310249 3 3194.74 3649.88 4568.9
0.000194137801406 3 3194.74 5380.59 2843.7
0.000951957345403 3 3194.74 3231.89 4988.6
0.000758802192869 3 3194.74 3149.29 5074.79
0.00153922603049 3 3194.74 2209.1 6010.3
0.000539001823499 3 1055.49 8505.68 1854.28
0.00165479644074 3 1055.49 8384.28 1980.15
0.00246465011832 3 1055.49 1631.64 8726.78
0.00101028012068 3 1055.49 4197.69 6166.24
3.71992378402e-05 3 1055.49 1156.39 9206.65
0.00051588154881 3 1055.49 3515.07 6846.37
0.00135367611519 3 1055.49 2390.82 7973.45
0.000909980510858 3 1055.49 5602.78 4758.79
0.01624517835 1 11415.17
0.000966802519705 3 1987.19 4350.85 5074.79
0.000619788884502 3 1987.19 8505.68 925.79
0.000380642584642 3 1987.19 6035.68 3392.86
0.000663608213818 3 1987.19 6487.48 2940.42
0.00230517324742 3 1987.19 4889.3 4540.68
0.00428313862929 3 1987.19 7218.48 2209.1
0.000425605263548 3 1987.19 8726.78 698.18
0.000423596035253 3 1987.19 6341.58 3089.53
5.81288299594e-05 3 8111.99 2689.5 612.16
0.00023137307965 3 8111.99 1871.04 1435.0
0.00211145789367 3 5569.3 3635.83 2209.1
0.000695439525308 3 5569.3 3031.69 2817.76
0.000516695015985 3 5569.3 1274.3 4568.9
0.000621929361035 3 5569.3 2611.7 3231.89
0.00150757184492 3 6526.84 3031.69 1854.28
0.000956123731598 3 6526.84 3278.79 1615.24
0.000177053624861 3 6526.84 3649.88 1237.61
0.000311959026019 3 6526.84 2363.97 2530.25
0.000318809655465 3 6526.84 3515.07 1374.34
0.0008341740927 3 6526.84 2076.89 2810.3
0.000552687422939 3 6526.84 2076.89 2817.76
0.000675339621213 3 6526.84 3949.27 941.59
0.000548873805106 3 6526.84 2404.04 2490.6
0.000164499169679 3 6526.84 3442.24 1443.05
0.00249713174221 3 1572.57 1871.04 7973.45
0.00180785929351 3 1572.57 1113.27 8726.78
0.00203557386506 3 1572.57 8726.78 1121.33
0.00147022433282 3 1572.57 6341.58 3500.3
0.000402057692304 3 1572.57 6846.37 2995.8
0.00199902779263 3 3635.83 4197.69 3581.2
0.00131552384416 3 3635.83 3211.69 4568.9
0.000387471518192 3 3635.83 1615.24 6166.24
0.0010675853024 3 3635.83 5380.59 2404.04
0.000443341371186 3 3635.83 1617.0 6166.24
0.00103843385155 3 3635.83 4540.68 3241.9
0.000153364303303 3 3635.83 3392.86 4391.77
0.00044025641528 3 3635.83 1772.82 6010.3
0.000923603880783 3 3635.83 2490.6 5294.94
0.000560593580051 3 3635.83 1443.05 6341.58
0.000965357208274 3 3635.83 6341.58 1435.0
0.00066837413716 3 2451.56 8384.28 576.8
0.000283702295819 3 2451.56 3649.88 5311.1
0.00139963851296 3 2451.56 7218.48 1751.43
0.00101617672197 3 2451.56 4391.77 4568.9
4.69589092256e-06 3 2451.56 7973.45 989.08
0.00149301232443 3 2233.49 8384.28 803.1
0.00102489885285 3 2233.49 8384.28 798.92
0.000671860825648 3 2233.49 4197.69 4982.44
0.000978838318695 3 2233.49 4197.69 4988.6
0.00149933059158 3 2233.49 2689.5 6496.62
0.000260887337003 3 2233.49 5602.78 3581.2
0.000428518839773 3 2233.49 5311.1 3870.51
4.13869817036e-05 3 2233.49 6341.58 2843.7
0.00163303516793 3 3031.69 3649.88 4731.37
0.00284630569871 3 3031.69 4889.3 3500.3
0.000546425725932 3 3031.69 3392.86 4988.6
0.000859187300995 3 3031.69 1887.66 6496.62
0.0011386215226 3 3031.69 2046.29 6341.58
0.00125185208381 3 3031.69 2390.82 5997.3
0.00258085873941 3 3031.69 3311.6 5074.79
0.000911446617681 3 3031.69 5294.94 3089.53
0.00119564456785 3 3031.69 3581.2 4799.11
0.000683076169307 3 3031.69 8083.49 306.63
0.00117886982472 3 8505.68 2390.82 516.86
0.000668816657111 3 8505.68 929.44 1980.15
0.000410523508737 3 8505.68 929.44 1984.2
0.000293867209817 3 8505.68 2209.1 698.18
0.000344782895839 3 8505.68 1922.92 989.08
0.000308931968978 3 6035.68 2561.36 2817.76
0.00161749246941 3 6035.68 1871.04 3515.07
8.11751618536e-05 3 6035.68 3949.27 1435.0
3.15035120295e-05 3 6035.68 2558.82 2817.76
2.14252427793e-05 3 6035.68 789.1 4588.37
0.000521996377104 3 6035.68 5074.79 306.63
0.000738568284363 3 3253.21 3278.79 4889.3
0.00108622071127 3 3253.21 7218.48 941.59
0.00177557634926 3 7780.22 2258.43 1374.34
8.77637446989e-05 3 7780.22 2714.5 925.79
0.000931919459507 3 7780.22 3122.65 516.86
8.94270498688e-06 3 7780.22 1585.51 2046.29
0.00109142441253 3 7780.22 2363.97 1274.3
0.000218031486463 3 7780.22 2282.17 1353.46
0.0011784809266 3 7780.22 1887.66 1751.43
0.00196340278437 3 7780.22 2076.89 1564.8
0.00187141011529 3 7780.22 2076.89 1562.3
0.00118087697592 3 7780.22 2390.82 1247.92
0.00118718684301 3 7780.22 2404.04 1237.61
0.000394643918138 3 7780.22 2839.3 798.92
0.000564558956945 3 7780.22 2611.7 1029.23
0.000268462596101 3 7780.22 2940.42 698.18
0.0014535272428 3 7780.22 789.1 2843.7
0.00127520272743 3 7780.22 3241.9 392.98
0.000154659599833 3 6487.48 4540.68 392.98
0.000571284757469 3 2561.36 3649.88 5202.06
0.0014265707777 3 2561.36 2689.5 6166.24
2.11932602081e-05 3 2561.36 5380.59 3476.95
0.000546716962205 3 2561.36 3738.69 5120.07
0.000528257530532 3 2561.36 8184.7 672.0
0.00090066038924 3 2258.43 8384.28 770.43
3.43066621854e-05 3 2258.43 3864.25 5294.94
0.000421096007409 3 2258.43 2817.76 6341.58
0.00185679945549 3 2258.43 4568.9 4588.37
0.000140423163492 3 8384.28 1544.41 1484.06
0.00130472849739 3 8384.28 2363.97 672.0
0.000176897831764 3 8384.28 2282.17 748.43
0.000432918783298 3 8384.28 2046.29 982.68
0.000502072719315 3 8384.28 2046.29 989.08
0.00107164931258 3 8384.28 803.1 2230.14
0.000883755508469 3 8384.28 2404.04 631.13
0.000603535840998 3 8384.28 2230.14 798.92
0.000587772192657 3 8384.28 1602.06 1435.0
0.000917886726072 3 3278.79 5202.06 2940.42
0.00273765191311 3 3649.88 2689.5 5074.79
0.000902790237907 3 3649.88 5380.59 2390.82
1.69761226207e-05 3 3649.88 2475.15 5294.94
0.000125421779372 3 3649.88 4731.37 3038.18
0.000265038803248 3 3649.88 3515.07 4252.38
0.000282895412848 3 1631.64 6745.64 3038.18
0.000604913985522 3 1631.64 3442.24 6341.58
0.000263847587286 3 1631.64 2940.42 6846.37
0.0012859964728 3 1631.64 9206.65 576.8
0.000901008875816 3 2762.1 7218.48 1435.0
0.00125739201349 3 5202.06 4889.3 1325.22
0.000241053967668 3 5202.06 2475.15 3738.69
6.24228314824e-05 3 5202.06 4252.38 1959.67
0.0012085866578 3 4197.69 1615.24 5602.78
0.000967848373861 3 4197.69 3719.68 3500.3
0.000959497826207 3 4197.69 5380.59 1840.52
0.00126445651079 3 4197.69 1617.0 5602.78
0.00137179305502 3 4197.69 4731.37 2490.6
0.000558955824539 3 4197.69 3738.69 3476.95
0.000198780875463 3 4197.69 1980.15 5239.8
0.000557475306847 3 4197.69 4988.6 2230.14
0.000732283242221 3 4197.69 5294.94 1922.92
0.00113660498092 3 770.43 4889.3 5755.5
0.00191388470547 3 770.43 1617.0 9024.95
2.38548836981e-05 3 770.43 1443.05 9206.65
0.00042861851192 3 770.43 9206.65 1435.0
0.000806138578728 3 770.43 8726.78 1922.92
0.000805113364803 3 2714.5 7218.48 1484.06
0.000849648753164 3 4889.3 3719.68 2810.3
0.000373684506181 3 4889.3 2475.15 4049.68
0.00157486809847 3 4889.3 4540.68 1984.2
0.00157551275762 3 4889.3 1772.82 4758.79
0.00125070333102 3 4889.3 929.44 5602.78
0.00112728138603 3 4889.3 3442.24 3089.53
0.00072966355783 3 4889.3 5602.78 925.79
0.00296305638591 3 4889.3 1959.67 4568.9
0.000430293121371 3 4889.3 1237.61 5294.94
0.000420885083693 3 4889.3 516.86 6010.3
0.000592542694518 3 4889.3 4799.11 1732.39
0.00107534048226 3 4889.3 5755.5 767.2
0.00176287587276 3 6745.64 2689.5 1980.15
0.00150458272439 3 6745.64 2689.5 1984.2
0.000336581811405 3 6745.64 3231.89 1443.05
0.000741345439627 3 6745.64 3231.89 1435.0
0.00103422788552 3 3122.65 2689.5 5602.78
0.000944288264785 3 7218.48 1585.51 2611.7
0.000523057307067 3 7218.48 3211.69 982.68
0.000592211243084 3 7218.48 3211.69 989.08
0.000286200747076 3 7218.48 1156.39 3038.18
0.000879538599305 3 7218.48 3864.25 334.21
0.00172067738576 3 7218.48 3392.86 803.1
0.00177657303458 3 7218.48 3442.24 752.3
0.00202763319081 3 7218.48 1274.3 2919.7
0.000440013678001 3 7218.48 3476.95 722.95
0.000621341164693 3 7218.48 3476.95 725.25
0.000728350292057 3 7218.48 1353.46 2843.7
0.00102730112479 3 7218.48 3451.5 748.43
0.00067852637277 3 7218.48 1113.27 3089.53
0.000342900640382 3 7218.48 3500.3 698.18
0.00141625361862 3 1544.41 9024.95 846.1
3.75174612208e-05 3 1544.41 5074.79 4799.11
0.00123702526607 3 1585.51 803.1 9024.95
0.000936178842868 3 1615.24 4731.37 5074.79
0.00107365382954 3 1615.24 9288.28 516.86
7.49421214722e-05 3 1615.24 6573.6 3231.89
0.000588534366786 3 3719.68 2390.82 5311.1
0.000360652396672 3 3719.68 2940.42 4758.79
0.00114914232075 3 2689.5 6166.24 2558.82
0.00248506267564 3 2689.5 2390.82 6341.58
0.000921083637824 3 2689.5 3738.69 4988.6
0.00107796757973 3 2689.5 2230.14 6496.62
0.000819214622055 3 2689.5 2490.6 6241.0
0.00128431679052 3 2689.5 7973.45 752.3
1.40277419938e-05 3 1871.04 4248.28 5294.94
0.000686043563117 3 1871.04 4252.38 5294.94
0.00365833433688 3 1871.04 9024.95 516.86
0.000594930604029 3 1871.04 8184.7 1364.4
0.00122612742834 3 5380.59 2390.82 3644.8
0.000209815887606 3 5380.59 5755.5 281.34
4.01017185771e-05 3 2363.97 3738.69 5311.1
0.00110025639592 3 2363.97 2209.1 6846.37
0.0010864126681 3 2475.15 3864.25 5074.79
5.74286239899e-05 3 2475.15 8136.98 803.1
0.000340313313048 3 2475.15 5294.94 3644.8
0.000906956065252 3 2475.15 3870.51 5074.79
0.000273772884834 3 1156.39 9024.95 1237.61
0.0004487589698 3 4731.37 3038.18 3644.8
0.000692577459568 3 4731.37 929.44 5755.5
0.000143763175587 3 4731.37 3231.89 3451.5
0.000233251674673 3 4731.37 1564.8 5120.07
0.000141259005592 3 4731.37 1562.3 5120.07
0.000259057667036 3 4731.37 4758.79 1922.92
0.000171537686378 3 4731.37 5755.5 925.79
0.000707637798476 3 4540.68 2076.89 4799.11
0.000237443421651 3 4540.68 1751.43 5120.07
0.00184960934961 3 4540.68 3231.89 3644.8
0.000688408814267 3 4540.68 5311.1 1564.8
0.000596416145186 3 4540.68 5311.1 1562.3
0.000338161693234 3 4540.68 1121.33 5755.5
0.000424479490676 3 3392.86 3451.5 4568.9
0.00163508978279 3 1887.66 803.1 8726.78
0.0011669763112 3 1887.66 8726.78 798.92
0.0010820797497 3 2046.29 4568.9 4799.11
0.000588375993676 3 3515.07 4252.38 3644.8
0.000197844851776 3 3515.07 2611.7 5294.94
0.000177054137372 3 3515.07 3311.6 4588.37
0.000375044675048 3 3515.07 1564.8 6341.58
0.000283052005967 3 3515.07 1562.3 6341.58
0.00021681986637 3 2076.89 5602.78 3738.69
0.000141763677583 3 2076.89 2490.6 6846.37
0.000693257152378 3 2076.89 3581.2 5755.5
0.000128767393718 3 2076.89 7973.45 1364.4
0.00101053951134 3 2076.89 8726.78 612.16
0.00101429527227 3 1751.43 941.59 8726.78
0.000100903240302 3 1751.43 4588.37 5074.79
0.00193165837055 3 3949.27 2390.82 5074.79
0.000998919265991 3 6166.24 3038.18 2209.1
0.000333649179818 3 8136.98 2611.7 672.0
0.000178197415577 3 8136.98 2490.6 789.1
0.00010812369477 3 2390.82 8184.7 846.1
0.000394854921293 3 2390.82 941.59 8083.49
8.31601465435e-06 3 2390.82 6496.62 2530.25
0.00264251829857 3 1772.82 4568.9 5074.79
0.00118269086058 3 803.1 9288.28 1325.22
0.00186169140613 3 929.44 941.59 9544.83
3.06147263844e-07 3 929.44 6846.37 3644.8
5.52625774941e-05 3 2404.04 4252.38 4758.79
0.00100189490633 3 2404.04 8726.78 281.34
0.000714577389001 3 9288.28 1325.22 798.92
0.000131976665191 3 9288.28 1374.34 752.3
8.88230139526e-05 3 9288.28 1364.4 767.2
0.000173633069626 3 9288.28 1739.32 392.98
0.000758545020263 3 9288.28 1732.39 392.98
0.000236136732253 3 9288.28 1818.96 306.63
0.000281595618118 3 2839.3 5074.79 3500.3
0.000363616333924 3 5602.78 4568.9 1247.92
0.000269288505256 3 2558.82 3738.69 5120.07
0.000250829073583 3 2558.82 8184.7 672.0
0.000702831965156 3 3738.69 4758.79 2919.7
0.000398634558013 3 3738.69 1922.92 5755.5
0.000959638277932 3 1274.3 9024.95 1113.27
0.00118735284948 3 1274.3 9024.95 1121.33
0.000353895654777 3 2940.42 3231.89 5239.8
0.000158718849186 3 2940.42 8083.49 392.98
0.00196234283906 3 1980.15 9206.65 229.71
0.000779866033212 3 3231.89 1840.52 6341.58
0.000368375288033 3 5311.1 5120.07 982.68
0.000437529224049 3 5311.1 5120.07 989.08
0.0015210004998 3 9024.95 1266.11 1121.33
0.00256603070462 3 9024.95 789.1 1602.06
0.000867759695631 3 9024.95 1364.4 1029.23
0.000659564431376 3 9024.95 2053.94 334.21
0.00173089723746 3 9024.95 1818.96 576.8
0.00223504704434 3 9024.95 1818.96 571.7
0.000378060623466 3 4988.6 5755.5 672.0
0.0001831221895 3 2810.3 4040.63 4568.9
0.000123769459297 3 2810.3 7973.45 631.13
0.00104715796156 3 1266.11 941.59 9206.65
0.000829958639301 3 1564.8 8726.78 1121.33
0.00129392172439 3 1564.8 9544.83 306.63
0.00120192905531 3 1562.3 9544.83 306.63
0.000152605723507 3 1959.67 1484.06 7973.45
0.00129031165485 3 2209.1 1237.61 7973.45
0.00136615234345 3 2209.1 3451.5 5755.5
0.0005687593522 3 2209.1 8083.49 1121.33
0.00134065163294 3 941.59 9544.83 925.79
0.00146897657636 3 1237.61 9544.83 631.13
0.00136617815551 3 5120.07 4568.9 1732.39
0.00134792209508 3 1325.22 8726.78 1364.4
0.0010020375251 3 516.86 1353.46 9544.83
0.0010301541601 3 1840.52 8726.78 846.1
0.000173105599214 3 1484.06 9206.65 722.95
0.000354433085906 3 1484.06 9206.65 725.25
0.00177626861934 3 1484.06 9544.83 392.98
0.00037053231817 3 4568.9 5997.3 846.1
0.000115836736527 3 1205.05 9544.83 672.0
0.00170404969069 3 9206.65 1984.2 229.71
0.000738284989892 3 9206.65 1364.4 846.1
0.000192888605235 3 9206.65 1602.06 612.16
0.000928291902729 3 9206.65 1818.96 392.98
0.000744874080069 3 8726.78 1922.92 767.2
0.000197344633152 3 6341.58 3644.8 1435.0
0.000566874672224 3 5074.79 2843.7 3500.3
0.000551050553442 3 1121.33 9544.83 752.3
0.000972793817011 3 1121.33 9544.83 748.43
0.000191811777888 3 1029.23 9544.83 846.1
