# Neutron capture gammas for S-34 generated by sums.py from data obtained from
# NNDC capture gamma tables at http://www.nndc.bnl.gov/capgam/indexbyn.html
#
# Number of gammas in a decay chain limited to 4
#
# First column lists probability for decay scheme; second column lists number of gammas
# in decay scheme; gamma energies (in keV) are then listed separated by a space.
#
0.033760539835 4 1991.27 2347.7 2022.95 619.23
0.0311718916273 4 1991.27 2347.7 1841.43 803.81
0.0343789496873 4 1991.27 2347.7 1566.7 1084.79
0.0299346815026 4 1991.27 1572.33 2555.49 863.28
0.0224363563273 4 1991.27 1572.33 2615.2 803.81
0.0286529977847 4 1991.27 1572.33 1454.09 1964.8
0.0206317218758 4 1991.27 1572.33 2616.8 803.81
0.0197394411148 4 1991.27 775.4 1250.61 2972.0
0.0211189287419 4 1991.27 775.4 663.41 3558.1
0.0231076206696 4 1991.27 2082.68 2555.49 356.66
0.00931760111123 4 1991.27 2022.95 2615.2 356.66
0.0163476044227 4 1991.27 2022.95 1404.97 1566.7
0.00751296665975 4 1991.27 2022.95 2616.8 356.66
0.0136845961324 4 1991.27 2022.95 1210.28 1760.55
0.0260899252403 3 1991.27 2022.95 2972.0
0.0204016871265 4 1991.27 3330.8 803.81 863.28
0.017627589473 4 1991.27 3183.94 1144.59 663.41
0.0112233881827 4 1991.27 3183.94 1454.09 356.66
0.0225013457218 3 1991.27 4637.91 356.66
0.0194135300928 4 1991.27 3390.55 907.61 692.16
0.0125891871621 4 1991.27 3390.55 1250.61 356.66
0.0105581018142 4 1991.27 2796.73 1841.43 356.66
0.0151110186392 4 1991.27 2796.73 1566.7 631.32
0.0197576901704 4 1991.27 2229.51 1964.8 803.81
0.0182971220353 4 1991.27 2229.51 2129.75 631.32
0.0246092050412 3 1991.27 4188.96 803.81
0.0112621641671 4 1991.27 2615.2 1760.55 619.23
0.0189362187406 4 1991.27 2938.58 907.61 1144.59
0.0128082946402 4 1991.27 2938.58 1250.61 803.81
0.0134171213536 4 1991.27 1404.97 2508.39 1084.79
0.0138981979162 4 1991.27 1404.97 2972.0 619.23
0.0157190420695 4 1991.27 1454.09 2905.1 631.32
0.0118082449459 4 1991.27 2508.39 2129.75 356.66
0.0097532196775 4 1991.27 4268.65 356.66 368.5
0.00945752971564 4 1991.27 2616.8 1760.55 619.23
0.0150338953018 4 1991.27 2972.0 1161.05 863.28
0.0169994074348 4 1991.27 692.16 1161.05 3139.9
0.00859654764334 4 1991.27 803.81 631.32 3558.1
0.00725068887838 4 1991.27 3558.1 1084.79 356.66
0.0171271696425 4 2347.7 775.4 2022.95 1841.43
0.0143594613948 4 2347.7 775.4 2615.2 1250.61
0.0225413603128 4 2347.7 775.4 1144.59 2716.99
0.0125548269433 4 2347.7 775.4 2616.8 1250.61
0.0344999650786 3 2347.7 2082.68 2555.49
0.0207099455203 3 2347.7 2022.95 2615.2
0.0109406501614 4 2347.7 2022.95 1404.97 1210.28
0.0107802491817 4 2347.7 2022.95 1454.09 1161.05
0.0189053110688 3 2347.7 2022.95 2616.8
0.0161301779545 4 2347.7 3330.8 692.16 619.23
0.0226157325918 3 2347.7 3183.94 1454.09
0.012826310925 4 2347.7 3183.94 1084.79 368.5
0.0338936901308 2 2347.7 4637.91
0.0239815315712 3 2347.7 3390.55 1250.61
0.0120804260082 4 2347.7 3390.55 631.32 619.23
0.0219504462232 3 2347.7 2796.73 1841.43
0.0115247739796 4 2347.7 2796.73 1144.59 692.16
0.00970406437785 4 2347.7 2796.73 1210.28 631.32
0.0120771422772 4 2347.7 2555.49 1454.09 631.32
0.0132480888205 4 2347.7 2229.51 1250.61 1161.05
0.0132089285913 4 2347.7 1841.43 2129.75 663.41
0.00851821819613 4 2347.7 2615.2 1404.97 619.23
0.00965391558179 4 2347.7 2615.2 1161.05 863.28
0.0109536747213 4 2347.7 2938.58 1084.79 619.23
0.00671358374466 4 2347.7 1404.97 2616.8 619.23
0.011671539222 4 2347.7 1144.59 3139.9 356.66
0.0130278617588 4 2347.7 1566.7 2716.99 356.66
0.0127777253613 4 2347.7 2508.39 1760.55 368.5
0.0232005893549 3 2347.7 2508.39 2129.75
0.0211455640865 3 2347.7 4268.65 368.5
0.00784928113031 4 2347.7 2616.8 1161.05 863.28
0.0104024459192 4 2347.7 2972.0 803.81 863.28
0.0123679580521 4 2347.7 692.16 803.81 3139.9
0.0143750981073 4 2347.7 631.32 3139.9 863.28
0.0186430332874 3 2347.7 3558.1 1084.79
0.0221816539008 4 1572.33 775.4 2082.68 2555.49
0.00839163434242 4 1572.33 775.4 2022.95 2615.2
0.00658699989094 4 1572.33 775.4 2022.95 2616.8
0.0102974214139 4 1572.33 775.4 3183.94 1454.09
0.021575378953 3 1572.33 775.4 4637.91
0.0116632203933 4 1572.33 775.4 3390.55 1250.61
0.00963213504538 4 1572.33 775.4 2796.73 1841.43
0.0108822781771 4 1572.33 775.4 2508.39 2129.75
0.00882725290869 4 1572.33 775.4 4268.65 368.5
0.00632472210957 4 1572.33 775.4 3558.1 1084.79
0.0303622909033 3 1572.33 2082.68 3330.8
0.0133646748494 4 1572.33 2082.68 1566.7 1760.55
0.00897070528697 4 1572.33 2082.68 2972.0 356.66
0.0180137045188 3 1572.33 2022.95 3390.55
0.00728026176813 4 1572.33 2022.95 2229.51 1161.05
0.00793946810187 4 1572.33 3330.8 1454.09 631.32
0.0191157451782 3 1572.33 3183.94 2229.51
0.00283338284063 4 1572.33 3183.94 1144.59 1084.79
0.00718812415011 4 1572.33 3183.94 1566.7 663.41
0.00582197719469 4 1572.33 3390.55 1404.97 619.23
0.00695767458034 4 1572.33 3390.55 1161.05 863.28
0.0132149109232 3 1572.33 2796.73 2615.2
0.00344561556428 4 1572.33 2796.73 1404.97 1210.28
0.00328521458462 4 1572.33 2796.73 1454.09 1161.05
0.0114102764717 3 1572.33 2796.73 2616.8
0.00857715486364 4 1572.33 2555.49 2229.51 631.32
0.00581869346365 4 1572.33 2555.49 1404.97 1454.09
0.00624813405286 4 1572.33 3801.74 1250.61 356.66
0.00119829070487 4 1572.33 4188.96 356.66 863.28
0.00198745026337 4 1572.33 1841.43 2938.58 631.32
0.00713086121186 4 1572.33 1841.43 2905.1 663.41
0.00849675341778 4 1572.33 2938.58 907.61 1566.7
0.00278479727686 4 1572.33 1144.59 2508.39 1760.55
0.0111526360021 3 1572.33 1144.59 4268.65
0.0171225219755 3 1572.33 2508.39 2905.1
0.00266875883976 4 1572.33 2616.8 2129.75 663.41
0.0105644830564 3 775.4 2022.95 4188.96
0.00430465329886 4 775.4 3330.8 2508.39 368.5
0.00338964182348 4 775.4 4637.91 907.61 663.41
0.00192267280757 4 775.4 3390.55 692.16 2129.75
0.00143805867957 4 775.4 2796.73 907.61 2508.39
0.00262398932991 4 775.4 2796.73 2716.99 692.16
0.0051389054737 4 775.4 4902.96 692.16 619.23
0.00455829646589 4 775.4 3801.74 1250.61 1161.05
0.0123920380217 3 775.4 4962.63 1250.61
0.000490932458768 4 775.4 4962.63 631.32 619.23
0.00144536145544 4 775.4 2938.58 1144.59 2129.75
0.00536022216044 4 775.4 2938.58 2905.1 368.5
0.00277075457228 4 775.4 2716.99 3139.9 356.66
0.0121765537738 4 2082.68 3330.8 907.61 663.41
0.000741643631308 4 2082.68 3390.55 1144.59 368.5
0.0316893296003 2 2082.68 4902.96
0.0164960590214 3 2082.68 2938.58 1964.8
0.000349721225402 4 2082.68 2938.58 803.81 1161.05
0.00128958846073 4 2082.68 1404.97 3139.9 356.66
0.00702913405447 3 2082.68 4268.65 631.32
0.00287684507293 4 2082.68 1964.8 2129.75 803.81
0.0154258788408 3 2082.68 1760.55 3139.9
0.0109087805914 3 2022.95 3801.74 1161.05
0.0187425221472 2 2022.95 4962.63
0.000611688022797 3 2022.95 1404.97 3558.1
0.0111802417224 3 3330.8 2796.73 863.28
0.00070096336303 4 3330.8 907.61 2129.75 619.23
0.0066300363923 3 3330.8 1144.59 2508.39
0.00243872409046 4 3330.8 2129.75 663.41 863.28
0.000911194804788 4 3330.8 2129.75 1161.05 368.5
0.00420963550572 3 3183.94 2555.49 1250.61
0.0227442640015 2 3183.94 3801.74
0.000930008048757 4 3183.94 2229.51 907.61 663.41
0.00456932643561 3 3183.94 1841.43 1964.8
0.00589351025246 3 3183.94 2938.58 863.28
0.00625090936881 3 3183.94 2716.99 1084.79
0.00924932814145 3 3183.94 663.41 3139.9
0.00193084451123 3 3390.55 2508.39 1084.79
0.00241192107383 3 3390.55 2972.0 619.23
0.00816291660601 3 3390.55 692.16 2905.1
0.0153877596372 2 2796.73 4188.96
0.00358684923613 3 2796.73 2938.58 1250.61
0.00277933022651 4 4902.96 907.61 803.81 368.5
0.00926650679888 3 4902.96 1454.09 631.32
0.0122056736869 3 2555.49 3801.74 631.32
0.00240863734279 3 2555.49 1454.09 2972.0
0.000498330886378 4 2555.49 2905.1 663.41 863.28
0.00655079482306 3 4962.63 1404.97 619.23
0.00768649220872 3 4962.63 1161.05 863.28
0.00179472713434 4 2229.51 1964.8 2129.75 663.41
0.0066462420052 3 4188.96 2129.75 663.41
0.0105579574091 3 2938.58 907.61 3139.9
0.00768560525387 3 2938.58 1144.59 2905.1
0.00416949756406 2 907.61 6077.87
0.00620232380504 3 2508.39 2716.99 1760.55
0.0145701625303 2 4268.65 2716.99
0.000694916260676 2 692.16 6293.2
