# Neutron capture gammas for Si-28 generated by sums.py from data obtained from
# NNDC capture gamma tables at http://www.nndc.bnl.gov/capgam/indexbyn.html
#
# Number of gammas in a decay chain limited to 5
#
# First column lists probability for decay scheme; second column lists number of gammas
# in decay scheme; gamma energies (in keV) are then listed separated by a space.
#
0.171053377795 2 3538.98 4933.98
0.040621973035 4 3538.98 2092.89 1273.33 1564.99
0.0310142849218 5 3538.98 2092.89 1446.14 754.2 641.25
0.0258038068439 5 3538.98 2092.89 1415.54 950.33 476.6
0.079478000712 3 3538.98 1273.33 3660.8
0.0126923926307 5 3538.98 1273.33 2425.73 476.6 754.2
0.0330362310182 4 3538.98 1273.33 1867.29 1793.51
0.00280449431913 5 3538.98 1273.33 1867.29 1152.46 641.25
0.0105728978673 5 3538.98 1273.33 1867.29 1038.89 754.2
0.0400222854882 4 3538.98 1273.33 1152.46 2508.24
0.0226433153668 5 3538.98 1273.33 2508.24 754.2 397.7
0.0363985677333 4 3538.98 2425.73 1867.29 641.25
0.0316278592749 4 3538.98 2425.73 2027.98 476.6
0.0736163589024 3 3538.98 2425.73 2508.24
0.0295083645115 4 3538.98 1867.29 2027.98 1038.89
0.00436099084185 5 3538.98 1867.29 2027.98 641.25 397.7
0.0282653344493 5 3538.98 1793.51 1152.46 1038.89 950.33
0.041578782011 4 3538.98 2027.98 2508.24 397.7
0.110403193853 3 4933.98 2092.89 1446.14
0.0648144331286 4 4933.98 1273.33 1867.29 397.7
0.0563626420126 4 4933.98 1273.33 1793.51 476.6
0.0261309053135 5 4933.98 1273.33 1152.46 476.6 641.25
0.0338993088617 5 4933.98 1273.33 1038.89 476.6 754.2
0.0597249787277 4 4933.98 2425.73 476.6 641.25
0.0600435365597 5 4933.98 1152.46 1038.89 950.33 397.7
0.0528347755059 4 4933.98 2027.98 1038.89 476.6
0.0276874018362 5 4933.98 2027.98 476.6 641.25 397.7
0.0188278167701 4 2092.89 1273.33 3660.8 1446.14
0.0336449642127 3 2092.89 1273.33 5106.74
0.113446768529 2 2092.89 6379.8
0.0182078353273 4 2092.89 3660.8 1564.99 1152.46
0.000828865205815 5 2092.89 3660.8 1564.99 754.2 397.7
0.032343808307 3 2092.89 2425.73 3954.44
0.0129661749606 4 2092.89 2425.73 1446.14 2508.24
0.000306231415557 4 2092.89 3954.44 2027.98 397.7
0.0152854321007 4 2092.89 1793.51 3633.0 950.33
0.000987388428238 3 2092.89 1540.18 4839.6
0.0709042303308 2 1273.33 7199.2
0.000230722739978 4 1273.33 1564.99 1152.46 4482.1
0.0072544201757 4 1273.33 1564.99 4880.2 754.2
0.00837829886919 3 1273.33 1564.99 5634.4
0.00125492078694 3 1273.33 6444.9 754.2
0.00206223289133 5 3660.8 2425.73 1038.89 950.33 397.7
0.0106220933105 4 3660.8 1867.29 1793.51 1152.46
0.00977929337563 5 3660.8 1564.99 1540.18 950.33 754.2
0.000229177659097 5 3660.8 1152.46 2508.24 754.2 397.7
0.00322523555935 5 5106.74 1540.18 950.33 476.6 397.7
0.0338247961541 3 2425.73 1564.99 4482.1
0.0298602157636 2 2425.73 6046.91
0.0341762756695 4 3954.44 1564.99 1540.18 1415.54
0.00925665958537 4 3954.44 2027.98 1540.18 950.33
0.0212712690992 1 8472.22
0.0108217852842 4 1446.14 1793.51 4839.6 397.7
0.0208547713258 4 1446.14 1793.51 4482.1 754.2
0.014798642323 5 1446.14 1564.99 1540.18 2508.24 1415.54
0.00573742225487 4 1446.14 1152.46 4839.6 1038.89
0.0261898868199 3 1564.99 2027.98 4880.2
0.00178721926269 4 1564.99 2027.98 4482.1 397.7
0.0201903874311 2 2027.98 6444.9
0.00439107523555 4 1540.18 1415.54 4880.2 641.25
0.00513578134803 4 1540.18 1415.54 1038.89 4482.1
0.0534077038482 2 4839.6 3633.0
0.00141808460662 2 1415.54 7056.9
