# Neutron capture gammas for Si-29 generated by CaptureEnergy.py from data
# obtained from http://www.nndc.bnl.gov/chart/getdataset.jsp?nucleus=30SI&unc=nds
#
# Decay schemes are calculated starting from the 10669.0 keV energy level.
#
# First column lists probability for decay scheme; second column lists number of gammas
# in decay scheme; gamma energies (in keV) are then listed separated by a space.
#
5.56601406654e-06 6 2858.0 730.0 2269.7 1040.85 1534.16 2235.23
4.73111195656e-06 5 2858.0 730.0 2269.7 1040.85 3769.25
5.95898496707e-05 6 2858.0 730.0 2269.7 1311.81 1263.21 2235.23
5.4822661697e-05 5 2858.0 730.0 2269.7 1311.81 3498.33
4.25614542288e-05 5 2858.0 730.0 2269.7 2574.92 2235.23
9.83947597762e-05 4 2858.0 730.0 2269.7 4809.93
6.76463973462e-05 5 2858.0 730.0 3580.1 1263.21 2235.23
6.22346855585e-05 4 2858.0 730.0 3580.1 3498.33
0.000590368558657 4 2858.0 730.0 4843.2 2235.23
2.26467390883e-09 7 2858.0 944.0 914.7 670.1 1781.3 1263.21 2235.23
2.08349999613e-09 6 2858.0 944.0 914.7 670.1 1781.3 3498.33
4.34817390496e-07 6 2858.0 944.0 914.7 670.1 3044.5 2235.23
4.87879776406e-10 8 2858.0 944.0 914.7 719.4 400.73 1332.3 1263.21 2235.23
4.48849394294e-10 7 2858.0 944.0 914.7 719.4 400.73 1332.3 3498.33
9.27454624455e-09 7 2858.0 944.0 914.7 719.4 400.73 2595.3 2235.23
2.46494136861e-10 8 2858.0 944.0 914.7 719.4 421.22 1040.85 1534.16 2235.23
2.09520016332e-10 7 2858.0 944.0 914.7 719.4 421.22 1040.85 3769.25
2.63897079394e-09 8 2858.0 944.0 914.7 719.4 421.22 1311.81 1263.21 2235.23
2.42785313042e-09 7 2858.0 944.0 914.7 719.4 421.22 1311.81 3498.33
1.88485849986e-09 7 2858.0 944.0 914.7 719.4 421.22 2574.92 2235.23
4.35746857495e-09 6 2858.0 944.0 914.7 719.4 421.22 4809.93
1.15616795915e-07 7 2858.0 944.0 914.7 719.4 1733.0 1263.21 2235.23
1.06367452242e-07 6 2858.0 944.0 914.7 719.4 1733.0 3498.33
2.44182672973e-08 6 2858.0 944.0 914.7 719.4 2996.1 2235.23
6.60566076711e-08 7 2858.0 944.0 914.7 1119.3 1332.3 1263.21 2235.23
6.07720790574e-08 6 2858.0 944.0 914.7 1119.3 1332.3 3498.33
1.25572957157e-06 6 2858.0 944.0 914.7 1119.3 2595.3 2235.23
2.75325633546e-06 6 2858.0 944.0 914.7 2451.5 1263.21 2235.23
2.53299582862e-06 5 2858.0 944.0 914.7 2451.5 3498.33
8.13269563705e-05 5 2858.0 944.0 914.7 3714.6 2235.23
1.50900008625e-07 7 2858.0 944.0 1252.0 783.2 1332.3 1263.21 2235.23
1.38828007935e-07 6 2858.0 944.0 1252.0 783.2 1332.3 3498.33
2.86859422336e-06 6 2858.0 944.0 1252.0 783.2 2595.3 2235.23
2.20568631882e-08 7 2858.0 944.0 1252.0 803.69 1040.85 1534.16 2235.23
1.874833371e-08 6 2858.0 944.0 1252.0 803.69 1040.85 3769.25
2.36141185753e-07 7 2858.0 944.0 1252.0 803.69 1311.81 1263.21 2235.23
2.17249890893e-07 6 2858.0 944.0 1252.0 803.69 1311.81 3498.33
1.68661480512e-07 6 2858.0 944.0 1252.0 803.69 2574.92 2235.23
3.89916325916e-07 5 2858.0 944.0 1252.0 803.69 4809.93
2.99508984345e-05 6 2858.0 944.0 1252.0 1844.51 1534.16 2235.23
2.54582636693e-05 5 2858.0 944.0 1252.0 1844.51 3769.25
3.07447702267e-07 6 2858.0 944.0 1584.9 1781.3 1263.21 2235.23
2.82851886086e-07 5 2858.0 944.0 1584.9 1781.3 3498.33
5.90299588353e-05 5 2858.0 944.0 1584.9 3044.5 2235.23
1.08382262082e-07 7 2858.0 944.0 1634.2 400.73 1332.3 1263.21 2235.23
9.97116811158e-08 6 2858.0 944.0 1634.2 400.73 1332.3 3498.33
2.06033607127e-06 6 2858.0 944.0 1634.2 400.73 2595.3 2235.23
5.4758556175e-08 7 2858.0 944.0 1634.2 421.22 1040.85 1534.16 2235.23
4.65447727488e-08 6 2858.0 944.0 1634.2 421.22 1040.85 3769.25
5.86246116457e-07 7 2858.0 944.0 1634.2 421.22 1311.81 1263.21 2235.23
5.3934642714e-07 6 2858.0 944.0 1634.2 421.22 1311.81 3498.33
4.18720426218e-07 6 2858.0 944.0 1634.2 421.22 2574.92 2235.23
9.68009587494e-07 5 2858.0 944.0 1634.2 421.22 4809.93
2.56842166493e-05 6 2858.0 944.0 1634.2 1733.0 1263.21 2235.23
2.36294793174e-05 5 2858.0 944.0 1634.2 1733.0 3498.33
5.42450655633e-06 5 2858.0 944.0 1634.2 2996.1 2235.23
5.07184162492e-05 6 2858.0 944.0 2034.1 1332.3 1263.21 2235.23
4.66609429493e-05 5 2858.0 944.0 2034.1 1332.3 3498.33
0.000964152071272 5 2858.0 944.0 2034.1 2595.3 2235.23
3.65594630919e-06 6 2858.0 944.0 2055.7 1040.85 1534.16 2235.23
3.10755436281e-06 5 2858.0 944.0 2055.7 1040.85 3769.25
3.91406288889e-05 6 2858.0 944.0 2055.7 1311.81 1263.21 2235.23
3.60093785778e-05 5 2858.0 944.0 2055.7 1311.81 3498.33
2.79558027776e-05 5 2858.0 944.0 2055.7 2574.92 2235.23
6.46290064214e-05 4 2858.0 944.0 2055.7 4809.93
0.00145415264448 4 2858.0 944.0 4629.2 2235.23
2.89469876511e-07 6 2858.0 1859.0 670.1 1781.3 1263.21 2235.23
2.6631228639e-07 5 2858.0 1859.0 670.1 1781.3 3498.33
5.55782162901e-05 5 2858.0 1859.0 670.1 3044.5 2235.23
6.23606330597e-08 7 2858.0 1859.0 719.4 400.73 1332.3 1263.21 2235.23
5.73717824149e-08 6 2858.0 1859.0 719.4 400.73 1332.3 3498.33
1.18546946014e-06 6 2858.0 1859.0 719.4 400.73 2595.3 2235.23
3.15067997558e-08 7 2858.0 1859.0 719.4 421.22 1040.85 1534.16 2235.23
2.67807797924e-08 6 2858.0 1859.0 719.4 421.22 1040.85 3769.25
3.37312381645e-07 7 2858.0 1859.0 719.4 421.22 1311.81 1263.21 2235.23
3.10327391113e-07 6 2858.0 1859.0 719.4 421.22 1311.81 3498.33
2.40921995466e-07 6 2858.0 1859.0 719.4 421.22 2574.92 2235.23
5.56970204572e-07 5 2858.0 1859.0 719.4 421.22 4809.93
1.47781009468e-05 6 2858.0 1859.0 719.4 1733.0 1263.21 2235.23
1.3595852871e-05 5 2858.0 1859.0 719.4 1733.0 3498.33
3.12113491996e-06 5 2858.0 1859.0 719.4 2996.1 2235.23
8.44333393462e-06 6 2858.0 1859.0 1119.3 1332.3 1263.21 2235.23
7.76786721985e-06 5 2858.0 1859.0 1119.3 1332.3 3498.33
0.000160506942123 5 2858.0 1859.0 1119.3 2595.3 2235.23
0.000351920322091 5 2858.0 1859.0 2451.5 1263.21 2235.23
0.000323766696324 4 2858.0 1859.0 2451.5 3498.33
0.0103951848987 4 2858.0 1859.0 3714.6 2235.23
0.000127103379352 5 2858.0 2529.0 1781.3 1263.21 2235.23
0.000116935109004 4 2858.0 2529.0 1781.3 3498.33
0.0244038488356 4 2858.0 2529.0 3044.5 2235.23
8.06522638081e-06 6 2858.0 2579.0 400.73 1332.3 1263.21 2235.23
7.42000827035e-06 5 2858.0 2579.0 400.73 1332.3 3498.33
0.000153319154962 5 2858.0 2579.0 400.73 2595.3 2235.23
4.07483792415e-06 6 2858.0 2579.0 421.22 1040.85 1534.16 2235.23
3.46361223552e-06 5 2858.0 2579.0 421.22 1040.85 3769.25
4.36252902759e-05 6 2858.0 2579.0 421.22 1311.81 1263.21 2235.23
4.01352670538e-05 5 2858.0 2579.0 421.22 1311.81 3498.33
3.11589273266e-05 5 2858.0 2579.0 421.22 2574.92 2235.23
7.20340793035e-05 4 2858.0 2579.0 421.22 4809.93
0.00191128158529 5 2858.0 2579.0 1733.0 1263.21 2235.23
0.00175837905847 4 2858.0 2579.0 1733.0 3498.33
0.000403662670814 4 2858.0 2579.0 2996.1 2235.23
0.000235527987787 5 2858.0 2979.0 1332.3 1263.21 2235.23
0.000216685748764 4 2858.0 2979.0 1332.3 3498.33
0.00447736372824 4 2858.0 2979.0 2595.3 2235.23
0.000887157158116 6 3625.0 540.1 1015.7 1988.98 1263.21 2235.23
0.000816184585467 5 3625.0 540.1 1015.7 1988.98 3498.33
0.00177431431623 5 3625.0 540.1 1015.7 3252.06 2235.23
3.32734155587e-05 7 3625.0 540.1 1272.5 400.73 1332.3 1263.21 2235.23
3.0611542314e-05 6 3625.0 540.1 1272.5 400.73 1332.3 3498.33
0.000632524335373 6 3625.0 540.1 1272.5 400.73 2595.3 2235.23
1.68109076153e-05 7 3625.0 540.1 1272.5 421.22 1040.85 1534.16 2235.23
1.4289271473e-05 6 3625.0 540.1 1272.5 421.22 1040.85 3769.25
0.000179977888243 7 3625.0 540.1 1272.5 421.22 1311.81 1263.21 2235.23
0.000165579657183 6 3625.0 540.1 1272.5 421.22 1311.81 3498.33
0.000128547406898 6 3625.0 540.1 1272.5 421.22 2574.92 2235.23
0.000297179489066 5 3625.0 540.1 1272.5 421.22 4809.93
0.00788506899056 6 3625.0 540.1 1272.5 1733.0 1263.21 2235.23
0.00725426347131 5 3625.0 540.1 1272.5 1733.0 3498.33
0.00166532657081 5 3625.0 540.1 1272.5 2996.1 2235.23
0.000612158512768 6 3625.0 540.1 1672.4 1332.3 1263.21 2235.23
0.000563185831746 5 3625.0 540.1 1672.4 1332.3 3498.33
0.011637072718 5 3625.0 540.1 1672.4 2595.3 2235.23
8.56707186012e-07 6 3625.0 1093.2 670.1 1781.3 1263.21 2235.23
7.88170611131e-07 5 3625.0 1093.2 670.1 1781.3 3498.33
0.000164487779714 5 3625.0 1093.2 670.1 3044.5 2235.23
1.8456083621e-07 7 3625.0 1093.2 719.4 400.73 1332.3 1263.21 2235.23
1.69795969313e-07 6 3625.0 1093.2 719.4 400.73 1332.3 3498.33
3.508483223e-06 6 3625.0 1093.2 719.4 400.73 2595.3 2235.23
9.3246668995e-08 7 3625.0 1093.2 719.4 421.22 1040.85 1534.16 2235.23
7.92596686457e-08 6 3625.0 1093.2 719.4 421.22 1040.85 3769.25
9.9830056505e-07 7 3625.0 1093.2 719.4 421.22 1311.81 1263.21 2235.23
9.18436519846e-07 6 3625.0 1093.2 719.4 421.22 1311.81 3498.33
7.13026195582e-07 6 3625.0 1093.2 719.4 421.22 2574.92 2235.23
1.64839389301e-06 5 3625.0 1093.2 719.4 421.22 4809.93
4.3736866265e-05 6 3625.0 1093.2 719.4 1733.0 1263.21 2235.23
4.02379169638e-05 5 3625.0 1093.2 719.4 1733.0 3498.33
9.23722615518e-06 5 3625.0 1093.2 719.4 2996.1 2235.23
2.49886618355e-05 6 3625.0 1093.2 1119.3 1332.3 1263.21 2235.23
2.29895688886e-05 5 3625.0 1093.2 1119.3 1332.3 3498.33
0.000475031987368 5 3625.0 1093.2 1119.3 2595.3 2235.23
0.00104153382892 5 3625.0 1093.2 2451.5 1263.21 2235.23
0.000958211122607 4 3625.0 1093.2 2451.5 3498.33
0.0307653069466 4 3625.0 1093.2 3714.6 2235.23
0.00273571252074 5 3625.0 1555.9 1988.98 1263.21 2235.23
0.00251685551908 4 3625.0 1555.9 1988.98 3498.33
0.00547142504148 4 3625.0 1555.9 3252.06 2235.23
0.000101682703482 5 3625.0 1763.4 1781.3 1263.21 2235.23
9.35480872031e-05 4 3625.0 1763.4 1781.3 3498.33
0.0195230790685 4 3625.0 1763.4 3044.5 2235.23
0.0180599850045 5 4165.0 1015.7 1988.98 1263.21 2235.23
0.0166151862041 4 4165.0 1015.7 1988.98 3498.33
0.036119970009 4 4165.0 1015.7 3252.06 2235.23
0.000677351673873 6 4165.0 1272.5 400.73 1332.3 1263.21 2235.23
0.000623163539964 5 4165.0 1272.5 400.73 1332.3 3498.33
0.0128763882558 5 4165.0 1272.5 400.73 2595.3 2235.23
0.000342222047883 6 4165.0 1272.5 421.22 1040.85 1534.16 2235.23
0.000290888740701 5 4165.0 1272.5 421.22 1040.85 3769.25
0.00366383558208 6 4165.0 1272.5 421.22 1311.81 1263.21 2235.23
0.00337072873552 5 4165.0 1272.5 421.22 1311.81 3498.33
0.00261685792615 5 4165.0 1272.5 421.22 2574.92 2235.23
0.00604972531314 4 4165.0 1272.5 421.22 4809.93
0.160517475879 5 4165.0 1272.5 1733.0 1263.21 2235.23
0.147676077809 4 4165.0 1272.5 1733.0 3498.33
0.0339012909057 4 4165.0 1272.5 2996.1 2235.23
0.0124617982956 5 4165.0 1672.4 1332.3 1263.21 2235.23
0.011464854432 4 4165.0 1672.4 1332.3 3498.33
0.236897551759 4 4165.0 1672.4 2595.3 2235.23
0.000762620276112 4 5388.0 1781.3 1263.21 2235.23
0.000701610654023 3 5388.0 1781.3 3498.33
0.146423093014 3 5388.0 3044.5 2235.23
