# Neutron capture gammas for Si-30 generated by sums.py from data obtained from
# NNDC capture gamma tables at http://www.nndc.bnl.gov/capgam/indexbyn.html
#
# Number of gammas in a decay chain limited to 6
#
# First column lists probability for decay scheme; second column lists number of gammas
# in decay scheme; gamma energies (in keV) are then listed separated by a space.
#
0.142603255512 3 752.22 3054.33 2780.56
0.0362206474863 5 752.22 3054.33 1305.99 849.45 629.43
0.0341632003875 5 752.22 3054.33 1305.99 849.45 622.19
0.0576450834678 4 752.22 3054.33 1837.92 943.2
0.0507337405941 4 752.22 3054.33 714.22 2065.6
0.0865150016086 4 752.22 2780.56 1305.99 1748.38
0.0684548535994 5 752.22 2780.56 1305.99 849.45 898.6
0.0835919607807 4 752.22 2780.56 2204.95 849.45
0.0783578923876 5 752.22 2780.56 1594.3 714.22 745.1
0.146223918212 3 752.22 1305.99 4528.77
0.00891305860927 5 752.22 1305.99 2204.95 1694.87 629.43
0.0224891847176 4 752.22 1305.99 3629.9 898.6
0.00607989481846 4 752.22 1305.99 1837.92 2687.35
0.0015568295647 5 752.22 1305.99 1837.92 1748.38 943.2
0.00312176878836 5 752.22 1305.99 1837.92 629.43 2065.6
0.0010643216896 5 752.22 1305.99 1837.92 622.19 2065.6
0.00776281814554 5 752.22 1305.99 1594.3 2316.8 622.19
0.00232493129712 6 752.22 1305.99 1594.3 629.43 1564.2 745.1
0.000267484198356 6 752.22 1305.99 1594.3 622.19 1564.2 745.1
0.0023477110882 5 752.22 1305.99 2964.26 622.19 943.2
0.0171886133548 4 752.22 1305.99 2964.26 1564.2
0.00693498561669 5 752.22 1305.99 1564.2 2065.6 898.6
0.00343330062007 4 752.22 1305.99 3586.2 943.2
0.0376262918989 3 752.22 2204.95 3629.9
0.0122467636603 4 752.22 2204.95 2687.35 943.2
0.00723119053143 5 752.22 2204.95 622.19 2065.6 943.2
0.0220720927981 4 752.22 2204.95 1564.2 2065.6
0.0147010828405 6 752.22 1748.38 1594.3 849.45 898.6 745.1
0.00846829935106 5 752.22 2787.9 849.45 629.43 1564.2
0.00176173395437 2 752.22 5834.2
0.00115995642662 3 752.22 4892.1 943.2
0.0294284252974 4 3054.33 1305.99 1594.3 629.43
0.0211171511244 5 3054.33 1305.99 849.45 629.43 745.1
0.0562060375917 3 3054.33 1694.87 1837.92
0.0472357992522 4 3054.33 1694.87 898.6 943.2
0.053869783852 2 3054.33 3532.74
0.0381153066612 3 3054.33 2687.35 849.45
0.0566543436409 3 3054.33 2787.9 745.1
0.0220559310089 5 3054.33 714.22 629.43 622.19 1564.2
0.0330997335324 4 3054.33 849.45 622.19 2065.6
0.0504769202937 5 2780.56 1837.92 714.22 629.43 622.19
0.0607238853259 5 2780.56 1594.3 849.45 622.19 745.1
0.0415066819541 6 2780.56 714.22 629.43 622.19 898.6 943.2
0.0563475842208 5 2780.56 714.22 629.43 1564.2 898.6
0.000117783688637 4 1305.99 1694.87 1837.92 1748.38
0.000908665212133 4 1305.99 1694.87 2964.26 622.19
0.001994254744 3 1305.99 1694.87 3586.2
0.000799682692564 3 1305.99 4382.04 898.6
0.00056608973777 4 1305.99 1748.38 2787.9 745.1
0.00958045094017 3 1305.99 2964.26 2316.8
0.00176173395437 2 1305.99 5280.9
0.0108077177842 3 2204.95 1694.87 2687.35
0.00628465253047 4 2204.95 1694.87 1748.38 943.2
0.00579214465537 4 2204.95 1694.87 622.19 2065.6
0.0159367898739 2 2204.95 4382.04
0.00595432308287 3 2204.95 2787.9 1594.3
0.0144639303834 3 2204.95 2316.8 2065.6
0.0147582164441 4 3629.9 1594.3 622.19 745.1
0.00501642796332 3 1837.92 2687.35 2065.6
0.000433085670039 5 2687.35 1748.38 629.43 622.19 898.6
0.00421959047208 4 2687.35 1594.3 1564.2 745.1
0.0140938716349 1 6586.71
0.00675672981118 4 1748.38 629.43 622.19 3586.2
0.000860136936417 4 2787.9 2316.8 849.45 629.43
0.0182090297468 2 2787.9 3798.2
0.00792780279465 2 714.22 5872.37
0.000880866977184 2 629.43 5956.9
